	X:TIME(s)	Y:Acc1_Relative-RevJoint1(rad/s^2)	Y:Acc1_Relative-RevJoint2(rad/s^2)	Y:Acc1_Relative-RevJoint3(rad/s^2)	Y:Acc1_Relative-RevJoint4(rad/s^2)	Y:Acc1_Relative-RevJoint5(rad/s^2)	Y:Driving_Torque-RevJoint6(N*m)
  0.0000000e+000 -1.3535164e+002  1.6487800e+002 -3.5952944e+001  7.7590481e+000 -1.4741735e+000 -2.0257754e-005
  1.6000000e-003 -1.3535136e+002  1.6487733e+002 -3.5952468e+001  7.7592869e+000 -1.4744348e+000 -2.0051577e-005
  3.2000000e-003 -1.3534916e+002  1.6487184e+002 -3.5948098e+001  7.7586042e+000 -1.4751025e+000 -1.9676634e-005
  4.8000000e-003 -1.3534092e+002  1.6485118e+002 -3.5931368e+001  7.7545369e+000 -1.4762226e+000 -1.8958471e-005
  6.5000000e-003 -1.3531786e+002  1.6479320e+002 -3.5884107e+001  7.7415419e+000 -1.4774349e+000 -1.7616331e-005
  8.1000000e-003 -1.3527252e+002  1.6467910e+002 -3.5790803e+001  7.7144044e+000 -1.4776583e+000 -1.5610001e-005
  9.7000000e-003 -1.3519162e+002  1.6447537e+002 -3.5623908e+001  7.6642902e+000 -1.4756076e+000 -1.2684869e-005
  1.1300000e-002 -1.3506009e+002  1.6414404e+002 -3.5352159e+001  7.5809617e+000 -1.4694713e+000 -8.6420824e-006
  1.2900000e-002 -1.3486037e+002  1.6364080e+002 -3.4939072e+001  7.4524116e+000 -1.4570073e+000 -3.2799934e-006
  1.4500000e-002 -1.3457252e+002  1.6291541e+002 -3.4343332e+001  7.2650094e+000 -1.4355716e+000  3.6032519e-006
  1.6100000e-002 -1.3417454e+002  1.6191242e+002 -3.3519377e+001  7.0037201e+000 -1.4021648e+000  1.2206252e-005
  1.7700000e-002 -1.3364272e+002  1.6057210e+002 -3.2418215e+001  6.6524138e+000 -1.3534981e+000  2.2719932e-005
  1.9400000e-002 -1.3290310e+002  1.5870817e+002 -3.0887067e+001  6.1617113e+000 -1.2811675e+000  3.6182867e-005
  2.1000000e-002 -1.3201583e+002  1.5647235e+002 -2.9051061e+001  5.5714963e+000 -1.1899292e+000  5.1177174e-005
  2.2600000e-002 -1.3091735e+002  1.5370476e+002 -2.6779634e+001  4.8400324e+000 -1.0726686e+000  6.8557576e-005
  2.4200000e-002 -1.2958351e+002  1.5034490e+002 -2.4024316e+001  3.9522160e+000 -9.2615399e-001  8.8419521e-005
  2.5800000e-002 -1.2799228e+002  1.4633788e+002 -2.0741782e+001  2.8950978e+000 -7.4760869e-001  1.1081624e-004
  2.7400000e-002 -1.2612488e+002  1.4163715e+002 -1.6896223e+001  1.6587786e+000 -5.3492445e-001  1.3575163e-004
  2.9000000e-002 -1.2396681e+002  1.3620725e+002 -1.2461704e+001  2.3729642e-001 -2.8687551e-001  1.6317432e-004
  3.0600000e-002 -1.2150883e+002  1.3002629e+002 -7.4243356e+000 -1.3705631e+000 -3.3178693e-003  1.9297363e-004
  3.2300000e-002 -1.1856523e+002  1.2262948e+002 -1.4118014e+000 -3.2783376e+000  3.3561082e-001  2.2704662e-004
  3.3900000e-002 -1.1548623e+002  1.1489918e+002  4.8522104e+000 -5.2508244e+000  6.8739382e-001  2.6113998e-004
  3.5500000e-002 -1.1211898e+002  1.0645377e+002  1.1671070e+001 -7.3782497e+000  1.0669501e+000  2.9690341e-004
  3.7100000e-002 -1.0848101e+002  9.7340464e+001  1.8998050e+001 -9.6384484e+000  1.4689406e+000  3.3400363e-004
  3.8700000e-002 -1.0459601e+002  8.7622431e+001  2.6772541e+001 -1.2004024e+001  1.8867690e+000  3.7207368e-004
  4.0300000e-002 -1.0049289e+002  7.7376410e+001  3.4922143e+001 -1.4443204e+001  2.3127747e+000  4.1072681e-004
  4.1900000e-002 -9.6204520e+001  6.6689576e+001  4.3365423e+001 -1.6920947e+001  2.7384881e+000  4.4957160e-004
  4.3500000e-002 -9.1766262e+001  5.5655870e+001  5.2015122e+001 -1.9400211e+001  3.1549272e+000  4.8822723e-004
  4.5200000e-002 -8.6927025e+001  4.3660755e+001  6.1331274e+001 -2.1993901e+001  3.5769613e+000  5.2869400e-004
  4.6800000e-002 -8.2293747e+001  3.2216191e+001  7.0124435e+001 -2.4357825e+001  3.9453883e+000  5.6587685e-004
  4.8400000e-002 -7.7618577e+001  2.0714276e+001  7.8855321e+001 -2.6610824e+001  4.2770361e+000  6.0190792e-004
  5.0000000e-002 -7.2932053e+001  9.2385440e+000  8.7445622e+001 -2.8720239e+001  4.5638180e+000  6.3657094e-004
  5.1600000e-002 -6.8260723e+001 -2.1370722e+000  9.5825162e+001 -3.0656665e+001  4.7983917e+000  6.6970535e-004
  5.3200000e-002 -6.3626597e+001 -1.3349571e+001  1.0393295e+002 -3.2394273e+001  4.9742400e+000  7.0120593e-004
  5.4800000e-002 -5.9046918e+001 -2.4347455e+001  1.1171756e+002 -3.3910871e+001  5.0856879e+000  7.3101985e-004
  5.6500000e-002 -5.4254566e+001 -3.5752895e+001  1.1958772e+002 -3.5259205e+001  5.1281022e+000  7.6084376e-004
  5.8100000e-002 -4.9821641e+001 -4.6193499e+001  1.2658263e+002 -3.6264291e+001  5.0921466e+000  7.8720771e-004
  5.9700000e-002 -4.5467733e+001 -5.6329398e+001  1.3315178e+002 -3.7000271e+001  4.9790280e+000  8.1199042e-004
  6.1300000e-002 -4.1193038e+001 -6.6149669e+001  1.3927613e+002 -3.7456297e+001  4.7857139e+000  8.3528999e-004
  6.2900000e-002 -3.6994848e+001 -7.5650090e+001  1.4494155e+002 -3.7622929e+001  4.5095089e+000  8.5722401e-004
  6.4500000e-002 -3.2868175e+001 -8.4831584e+001  1.5013739e+002 -3.7491554e+001  4.1479267e+000  8.7792323e-004
  6.6100000e-002 -2.8806354e+001 -9.3698701e+001  1.5485516e+002 -3.7053830e+001  3.6985736e+000  8.9752594e-004
  6.7700000e-002 -2.4801637e+001 -1.0225819e+002  1.5908729e+002 -3.6301204e+001  3.1590527e+000  9.1617330e-004
  6.9400000e-002 -2.0599906e+001 -1.1102416e+002  1.6304310e+002 -3.5146218e+001  2.4842470e+000  9.3509609e-004
  7.1000000e-002 -1.6686696e+001 -1.1897307e+002  1.6624782e+002 -3.3714060e+001  1.7508097e+000  9.5221145e-004
  7.2600000e-002 -1.2805488e+001 -1.2663591e+002  1.6893875e+002 -3.1935653e+001  9.1922908e-001  9.6878630e-004
  7.4200000e-002 -8.9491578e+000 -1.3401660e+002  1.7110249e+002 -2.9798306e+001 -1.3360830e-002  9.8494323e-004
  7.5800000e-002 -5.1117366e+000 -1.4111618e+002  1.7272270e+002 -2.7287983e+001 -1.0499049e+000  1.0007969e-003
  7.7400000e-002 -1.2887238e+000 -1.4793226e+002  1.7377986e+002 -2.4389381e+001 -2.1933493e+000  1.0164540e-003
  7.9000000e-002  2.5226369e+000 -1.5445859e+002  1.7425119e+002 -2.1086098e+001 -3.4465328e+000  1.0320139e-003
  8.0600000e-002  6.3231148e+000 -1.6068472e+002  1.7411071e+002 -1.7360920e+001 -4.8120453e+000  1.0475696e-003
  8.2300000e-002  1.0347559e+001 -1.6695431e+002  1.7325867e+002 -1.2920913e+001 -6.3883979e+000  1.0641917e-003
  8.3900000e-002  1.4118420e+001 -1.7250922e+002  1.7176213e+002 -8.2699431e+000 -7.9917404e+000  1.0800150e-003
  8.5500000e-002  1.7866369e+001 -1.7770417e+002  1.6955780e+002 -3.1439306e+000 -9.7118342e+000  1.0960990e-003
  8.7100000e-002  2.1582318e+001 -1.8251073e+002  1.6661094e+002  2.4725635e+000 -1.1548196e+001  1.1125323e-003
  8.8700000e-002  2.5254527e+001 -1.8689649e+002  1.6288657e+002  8.5927771e+000 -1.3498956e+001  1.1294095e-003
  9.0300000e-002  2.8868625e+001 -1.9082550e+002  1.5835044e+002  1.5226884e+001 -1.5560581e+001  1.1468350e-003
  9.1900000e-002  3.2407701e+001 -1.9425890e+002  1.5297030e+002  2.2381081e+001 -1.7727601e+001  1.1649271e-003
  9.3500000e-002  3.5852472e+001 -1.9715567e+002  1.4671711e+002  3.0056656e+001 -1.9992351e+001  1.1838214e-003
  9.5200000e-002  3.9385236e+001 -1.9959814e+002  1.3908929e+002  3.8778042e+001 -2.2494399e+001  1.2049526e-003
  9.6800000e-002  4.2565923e+001 -2.0125419e+002  1.3096499e+002  4.7507152e+001 -2.4925926e+001  1.2260292e-003
  9.8400000e-002  4.5581620e+001 -2.0224448e+002  1.2191310e+002  5.6721832e+001 -2.7415893e+001  1.2484780e-003
  1.0000000e-001  4.8406921e+001 -2.0252955e+002  1.1193142e+002  6.6394924e+001 -2.9945893e+001  1.2725485e-003
  1.0160000e-001  5.1016200e+001 -2.0207328e+002  1.0102732e+002  7.6490859e+001 -3.2494760e+001  1.2985273e-003
  1.0320000e-001  5.3384243e+001 -2.0084406e+002  8.9218441e+001  8.6965525e+001 -3.5038689e+001  1.3267405e-003
  1.0480000e-001  5.5486915e+001 -1.9881586e+002  7.6533159e+001  9.7766407e+001 -3.7551450e+001  1.3575553e-003
  1.0650000e-001  5.7405231e+001 -1.9576377e+002  6.2138801e+001  1.0953198e+002 -4.0155354e+001  1.3936058e-003
  1.0810000e-001  5.8892526e+001 -1.9203420e+002  4.7781505e+001  1.2080646e+002 -4.2512295e+001  1.4311287e-003
  1.0970000e-001  6.0054013e+001 -1.8746935e+002  3.2700364e+001  1.3219984e+002 -4.4746095e+001  1.4726431e-003
  1.1130000e-001  6.0876287e+001 -1.8207314e+002  1.6964342e+001  1.4363240e+002 -4.6824311e+001  1.5186885e-003
  1.1290000e-001  6.1349765e+001 -1.7585736e+002  6.4987983e-001  1.5502046e+002 -4.8714034e+001  1.5698448e-003
  1.1450000e-001  6.1468929e+001 -1.6884135e+002 -1.6160632e+001  1.6627768e+002 -5.0382281e+001  1.6267307e-003
  1.1610000e-001  6.1232431e+001 -1.6105145e+002 -3.3380475e+001  1.7731631e+002 -5.1796319e+001  1.6900024e-003
  1.1770000e-001  6.0643065e+001 -1.5252024e+002 -5.0920238e+001  1.8804836e+002 -5.2923898e+001  1.7603514e-003
  1.1940000e-001  5.9637888e+001 -1.4268616e+002 -6.9805465e+001  1.9901762e+002 -5.3772705e+001  1.8436640e-003
  1.2100000e-001  5.8346370e+001 -1.3275104e+002 -8.7719251e+001  2.0884323e+002 -5.4210266e+001  1.9309378e-003
  1.2260000e-001  5.6734261e+001 -1.2220429e+002 -1.0567738e+002  2.1809997e+002 -5.4266389e+001  2.0276110e-003
  1.2420000e-001  5.4818756e+001 -1.1109512e+002 -1.2359292e+002  2.2670614e+002 -5.3910993e+001  2.1345015e-003
  1.2580000e-001  5.2619675e+001 -9.9474960e+001 -1.4138142e+002  2.3458216e+002 -5.3114073e+001  2.2524513e-003
  1.2740000e-001  5.0159059e+001 -8.7397014e+001 -1.5896093e+002  2.4165028e+002 -5.1845399e+001  2.3823220e-003
  1.2900000e-001  4.7460802e+001 -7.4916029e+001 -1.7625179e+002  2.4783421e+002 -5.0074190e+001  2.5249874e-003
  1.3060000e-001  4.4550299e+001 -6.2088277e+001 -1.9317605e+002  2.5305861e+002 -4.7768837e+001  2.6813241e-003
  1.3230000e-001  4.1255115e+001 -4.8143718e+001 -2.1067028e+002  2.5747443e+002 -4.4697586e+001  2.8633797e-003
  1.3390000e-001  3.7991979e+001 -3.4786175e+001 -2.2659532e+002  2.6048339e+002 -4.1186137e+001  3.0506178e-003
  1.3550000e-001  3.4600943e+001 -2.1266511e+001 -2.4191706e+002  2.6230340e+002 -3.7036973e+001  3.2540691e-003
  1.3710000e-001  3.1111039e+001 -7.6507542e+000 -2.5655557e+002  2.6285911e+002 -3.2214311e+001  3.4744425e-003
  1.3870000e-001  2.7551820e+001  5.9911733e+000 -2.7042815e+002  2.6207521e+002 -2.6682030e+001  3.7123383e-003
  1.4030000e-001  2.3953292e+001  1.9584798e+001 -2.8344856e+002  2.5987699e+002 -2.0404401e+001  3.9682120e-003
  1.4190000e-001  2.0345848e+001  3.3050508e+001 -2.9552664e+002  2.5619136e+002 -1.3347077e+001  4.2423335e-003
  1.4350000e-001  1.6760216e+001  4.6303096e+001 -3.0656814e+002  2.5094822e+002 -5.4783452e+000  4.5347445e-003
  1.4520000e-001  1.3009062e+001  6.0048497e+001 -3.1705422e+002  2.4359795e+002  3.8020098e+000  4.8652070e-003
  1.4680000e-001  9.5665345e+000  7.2567389e+001 -3.2564457e+002  2.3494417e+002  1.3424876e+001  5.1942556e-003
  1.4840000e-001  6.2412221e+000  8.4576141e+001 -3.3288922e+002  2.2455769e+002  2.3923252e+001  5.5398441e-003
  1.5000000e-001  3.0642832e+000  9.5967126e+001 -3.3868425e+002  2.1240240e+002  3.5301101e+001  5.9006574e-003
  1.5160000e-001  6.6561187e-002  1.0662896e+002 -3.4292713e+002  1.9845694e+002  4.7550922e+001  6.2749708e-003
  1.5320000e-001 -2.7216887e+000  1.1644797e+002 -3.4551890e+002  1.8271720e+002  6.0652085e+001  6.6606422e-003
  1.5480000e-001 -5.2711334e+000  1.2531005e+002 -3.4636663e+002  1.6519849e+002  7.4569465e+001  7.0551217e-003
  1.5650000e-001 -7.6869514e+000  1.3355193e+002 -3.4526215e+002  1.4467665e+002  9.0194160e+001  7.4806238e-003
  1.5810000e-001 -9.6573657e+000  1.4009040e+002 -3.4225852e+002  1.2362819e+002  1.0561745e+002  7.8836436e-003
  1.5970000e-001 -1.1309315e+001  1.4534434e+002 -3.3728964e+002  1.0098182e+002  1.2165196e+002  8.2855147e-003
  1.6130000e-001 -1.2621804e+001  1.4922300e+002 -3.3031180e+002  7.6841031e+001  1.3819943e+002  8.6825023e-003
  1.6290000e-001 -1.3577213e+001  1.5164819e+002 -3.2129838e+002  5.1329348e+001  1.5514791e+002  9.0707759e-003
  1.6450000e-001 -1.4161840e+001  1.5255689e+002 -3.1024108e+002  2.4588083e+001  1.7237359e+002  9.4465050e-003
  1.6610000e-001 -1.4366411e+001  1.5190363e+002 -2.9715073e+002 -3.2264859e+000  1.8974308e+002  9.8059535e-003
  1.6770000e-001 -1.4186538e+001  1.4966240e+002 -2.8205765e+002 -3.1946323e+001  2.0711589e+002  1.0145569e-002
  1.6940000e-001 -1.3575266e+001  1.4553607e+002 -2.6388301e+002 -6.3255651e+001  2.2541600e+002  1.0481000e-002
  1.7100000e-001 -1.2611455e+001  1.4002910e+002 -2.4483856e+002 -9.3279986e+001  2.4233615e+002  1.0769668e-002
  1.7260000e-001 -1.1283553e+001  1.3299008e+002 -2.2400496e+002 -1.2365721e+002  2.5881339e+002  1.1029476e-002
  1.7420000e-001 -9.6097045e+000  1.2448359e+002 -2.0149005e+002 -1.5420549e+002  2.7470576e+002  1.1258222e-002
  1.7580000e-001 -7.6135451e+000  1.1459662e+002 -1.7741937e+002 -1.8474691e+002  2.8987712e+002  1.1454089e-002
  1.7740000e-001 -5.3238252e+000  1.0343747e+002 -1.5193523e+002 -2.1510974e+002  3.0419924e+002  1.1615628e-002
  1.7900000e-001 -2.7738399e+000  9.1134078e+001 -1.2519550e+002 -2.4513051e+002  3.1755366e+002  1.1741717e-002
  1.8060000e-001 -6.6672869e-004  7.7831592e+001 -9.7372029e+001 -2.7465573e+002  3.2983324e+002  1.1831512e-002
  1.8230000e-001  3.1456892e+000  6.2781578e+001 -6.6827902e+001 -3.0532492e+002  3.4159711e+002  1.1886443e-002
  1.8390000e-001  6.2511535e+000  4.7934198e+001 -3.7360272e+001 -3.3339491e+002  3.5137656e+002  1.1899512e-002
  1.8550000e-001  9.4532869e+000  3.2606039e+001 -7.3984915e+000 -3.6057789e+002  3.5983529e+002  1.1874630e-002
  1.8710000e-001  1.2710502e+001  1.6977284e+001  2.2854121e+001 -3.8677581e+002  3.6692169e+002  1.1811239e-002
  1.8870000e-001  1.5983054e+001  1.2265886e+000  5.3194401e+001 -4.1190645e+002  3.7259789e+002  1.1708590e-002
  1.9030000e-001  1.9234066e+001 -1.4472784e+001  8.3422476e+001 -4.3590330e+002  3.7683875e+002  1.1565620e-002
  1.9190000e-001  2.2430354e+001 -2.9956304e+001  1.1334440e+002 -4.5871471e+002  3.7963014e+002  1.1380832e-002
  1.9350000e-001  2.5542985e+001 -4.5070735e+001  1.4277403e+002 -4.8030208e+002  3.8096666e+002  1.1152170e-002
  1.9520000e-001  2.8731220e+001 -6.0568609e+001  1.7330506e+002 -5.0186605e+002  3.8079317e+002  1.0858070e-002
  1.9680000e-001  3.1598954e+001 -7.4493207e+001  2.0116717e+002 -5.2084689e+002  3.7913315e+002  1.0529375e-002
  1.9840000e-001  3.4321344e+001 -8.7659520e+001  2.2801557e+002 -5.3853218e+002  3.7602305e+002  1.0145764e-002
  2.0000000e-001  3.6885267e+001 -9.9963292e+001  2.5368814e+002 -5.5489643e+002  3.7145804e+002  9.7016902e-003
  2.0160000e-001  3.9279209e+001 -1.1130643e+002  2.7801849e+002 -5.6990138e+002  3.6542241e+002  9.1904724e-003
  2.0320000e-001  4.1491601e+001 -1.2159198e+002  3.0082832e+002 -5.8348687e+002  3.5788437e+002  8.6042010e-003
  2.0480000e-001  4.3508806e+001 -1.3071784e+002  3.2191776e+002 -5.9556020e+002  3.4879037e+002  7.9336520e-003
  2.0650000e-001  4.5417894e+001 -1.3901480e+002  3.4217902e+002 -6.0657620e+002  3.3733149e+002  7.1169615e-003
  2.0810000e-001  4.6967471e+001 -1.4536312e+002  3.5893283e+002 -6.1502918e+002  3.2473281e+002  6.2375025e-003
  2.0970000e-001  4.8240825e+001 -1.5012454e+002  3.7309102e+002 -6.2134305e+002  3.1021336e+002  5.2368186e-003
  2.1130000e-001  4.9188742e+001 -1.5309208e+002  3.8423288e+002 -6.2514631e+002  2.9356665e+002  4.1001201e-003
  2.1290000e-001  4.9745725e+001 -1.5401136e+002  3.9184680e+002 -6.2595597e+002  2.7453422e+002  2.8116295e-003
  2.1450000e-001  4.9827489e+001 -1.5257519e+002  3.9531959e+002 -6.2316188e+002  2.5280405e+002  1.3551207e-003
  2.1610000e-001  4.9329538e+001 -1.4842301e+002  3.9393299e+002 -6.1601687e+002  2.2801436e+002 -2.8517097e-004
  2.1770000e-001  4.8127774e+001 -1.4114841e+002  3.8687308e+002 -6.0363848e+002  1.9976614e+002 -2.1231376e-003
  2.1940000e-001  4.5923136e+001 -1.2951420e+002  3.7217091e+002 -5.8363604e+002  1.6550353e+002 -4.3036303e-003
  2.2100000e-001  4.2820233e+001 -1.1444600e+002  3.5062261e+002 -5.5724578e+002  1.2885878e+002 -6.5733519e-003
  2.2260000e-001  3.8578722e+001 -9.5025743e+001  3.2078391e+002 -5.2246659e+002  8.7660680e+001 -9.0466430e-003
  2.2420000e-001  3.3089591e+001 -7.1050115e+001  2.8208322e+002 -4.7843157e+002  4.1803702e+001 -1.1702378e-002
  2.2580000e-001  2.6300062e+001 -4.2551089e+001  2.3433077e+002 -4.2460882e+002 -8.5527574e+000 -1.4502526e-002
  2.2740000e-001  1.8241418e+001 -9.8811443e+000  1.7787944e+002 -3.6098637e+002 -6.2903895e+001 -1.7390514e-002
  2.2900000e-001  9.0515692e+000  2.6229049e+001  1.1374711e+002 -2.8823098e+002 -1.2035293e+002 -2.0292227e-002
  2.3060000e-001 -1.0157559e+000  6.4667168e+001  4.3652483e+001 -2.0776819e+002 -1.7962516e+002 -2.3120529e-002
  2.3230000e-001 -1.2271181e+001  1.0646152e+002 -3.4740727e+001 -1.1623377e+002 -2.4285073e+002 -2.5942200e-002
  2.3390000e-001 -2.2935815e+001  1.4501456e+002 -1.0933607e+002 -2.7210043e+001 -3.0082024e+002 -2.8334485e-002
  2.3550000e-001 -3.3207076e+001  1.8120344e+002 -1.8186327e+002  6.1659097e+001 -3.5567712e+002 -3.0400244e-002
  2.3710000e-001 -4.2666141e+001  2.1367107e+002 -2.4979493e+002  1.4764508e+002 -4.0612791e+002 -3.2094587e-002
  2.3870000e-001 -5.0972878e+001  2.4141143e+002 -3.1113885e+002  2.2848005e+002 -4.5131085e+002 -3.3400577e-002
  2.4030000e-001 -5.7890955e+001  2.6382912e+002 -3.6457932e+002  3.0255004e+002 -4.9084867e+002 -3.4327924e-002
  2.4190000e-001 -6.3291137e+001  2.8072030e+002 -4.0948360e+002  3.6895040e+002 -5.2481731e+002 -3.4907909e-002
  2.4350000e-001 -6.7136740e+001  2.9219523e+002 -4.4580082e+002  4.2742148e+002 -5.5365446e+002 -3.5186362e-002
  2.4520000e-001 -6.9554819e+001  2.9881129e+002 -4.7539725e+002  4.8113910e+002 -5.7943526e+002 -3.5211368e-002
  2.4680000e-001 -7.0336566e+001  3.0023391e+002 -4.9544276e+002  5.2440132e+002 -5.9997734e+002 -3.5037300e-002
  2.4840000e-001 -6.9758253e+001  2.9743816e+002 -5.0863517e+002  5.6136357e+002 -6.1776119e+002 -3.4723903e-002
  2.5000000e-001 -6.7902901e+001  2.9079981e+002 -5.1564469e+002  5.9282215e+002 -6.3357468e+002 -3.4316474e-002
  2.5160000e-001 -6.4837700e+001  2.8060108e+002 -5.1702661e+002  6.1951453e+002 -6.4811567e+002 -3.3853192e-002
  2.5320000e-001 -6.0608294e+001  2.6701367e+002 -5.1317634e+002  6.4205766e+002 -6.6196766e+002 -3.3364734e-002
  2.5480000e-001 -5.5238079e+001  2.5009841e+002 -5.0431139e+002  6.6091244e+002 -6.7558873e+002 -3.2874399e-002
  2.5650000e-001 -4.8287070e+001  2.2843600e+002 -4.8944220e+002  6.7722448e+002 -6.9017414e+002 -3.2369393e-002
  2.5810000e-001 -4.0564855e+001  2.0445364e+002 -4.7019346e+002  6.8919093e+002 -7.0421558e+002 -3.1918895e-002
  2.5970000e-001 -3.1688144e+001  1.7682408e+002 -4.4560279e+002  6.9781830e+002 -7.1863314e+002 -3.1495212e-002
  2.6130000e-001 -2.1657035e+001  1.4538669e+002 -4.1535309e+002  7.0290939e+002 -7.3337511e+002 -3.1094716e-002
  2.6290000e-001 -1.0495071e+001  1.1002616e+002 -3.7911368e+002  7.0415956e+002 -7.4827826e+002 -3.0707823e-002
  2.6450000e-001  1.7372678e+000  7.0722844e+001 -3.3660999e+002  7.0120068e+002 -7.6308170e+002 -3.0319461e-002
  2.6610000e-001  1.4930939e+001  2.7600872e+001 -2.8769752e+002  6.9365463e+002 -7.7744813e+002 -2.9909874e-002
  2.6770000e-001  2.8921113e+001 -1.9033903e+001 -2.3243015e+002  6.8119199e+002 -7.9099348e+002 -2.9455856e-002
  2.6940000e-001  4.4410490e+001 -7.1863017e+001 -1.6708763e+002  6.6231399e+002 -8.0404517e+002 -2.8896826e-002
  2.7100000e-001  5.9293141e+001 -1.2393272e+002 -9.9961491e+001  6.3916353e+002 -8.1468543e+002 -2.8272458e-002
  2.7260000e-001  7.4165825e+001 -1.7741135e+002 -2.8207998e+001  6.1088506e+002 -8.2342927e+002 -2.7529714e-002
  2.7420000e-001  8.8725318e+001 -2.3137285e+002  4.7198798e+001  5.7771200e+002 -8.3006977e+002 -2.6649452e-002
  2.7580000e-001  1.0269107e+002 -2.8490554e+002  1.2523851e+002  5.3996197e+002 -8.3448970e+002 -2.5616387e-002
  2.7740000e-001  1.1582791e+002 -3.3719815e+002  2.0497176e+002  4.9795088e+002 -8.3663862e+002 -2.4418216e-002
  2.7900000e-001  1.2795956e+002 -3.8760517e+002  2.8565751e+002  4.5189207e+002 -8.3648670e+002 -2.3043441e-002
  2.8060000e-001  1.3896923e+002 -4.3567642e+002  3.6683654e+002  4.0179743e+002 -8.3396062e+002 -2.1478100e-002
  2.8230000e-001  1.4935942e+002 -4.8389498e+002  4.5347373e+002  3.4384083e+002 -8.2845837e+002 -1.9583137e-002
  2.8390000e-001  1.5785540e+002 -5.2643912e+002  5.3553926e+002  2.8418969e+002 -8.2021365e+002 -1.7548375e-002
  2.8550000e-001  1.6503911e+002 -5.6611344e+002  6.1848599e+002  2.1858974e+002 -8.0831632e+002 -1.5222502e-002
  2.8710000e-001  1.7078124e+002 -6.0269635e+002  7.0275009e+002  1.4572102e+002 -7.9176450e+002 -1.2540431e-002
  2.8870000e-001  1.7483881e+002 -6.3570155e+002  7.8864756e+002  6.3991589e+001 -7.6917728e+002 -9.4161450e-003
  2.9030000e-001  1.7679693e+002 -6.6418958e+002  8.7612736e+002 -2.8345495e+001 -7.3876942e+002 -5.7413832e-003
  2.9190000e-001  1.7600373e+002 -6.8654722e+002  9.6445423e+002 -1.3300136e+002 -6.9836054e+002 -1.3862202e-003
  2.9350000e-001  1.7150135e+002 -7.0023627e+002  1.0518071e+003 -2.5135611e+002 -6.4543993e+002  3.7974806e-003
  2.9520000e-001  1.6116135e+002 -7.0108959e+002  1.1397169e+003 -3.9278022e+002 -5.7249559e+002  1.0390258e-002
  2.9680000e-001  1.4436376e+002 -6.8354907e+002  1.2119457e+003 -5.3976007e+002 -4.8540211e+002  1.7778298e-002
  2.9840000e-001  1.1856268e+002 -6.4141764e+002  1.2655333e+003 -6.9705390e+002 -3.7841470e+002  2.6439766e-002
  3.0000000e-001  8.1500847e+001 -5.6693648e+002  1.2893537e+003 -8.5843095e+002 -2.5087088e+002  3.6429256e-002
  3.0160000e-001  3.1257428e+001 -4.5243060e+002  1.2701205e+003 -1.0138617e+003 -1.0429091e+002  4.7679988e-002
  3.0320000e-001 -3.2935411e+001 -2.9255452e+002  1.1944577e+003 -1.1496049e+003  5.6730458e+001  5.9942119e-002
  3.0480000e-001 -1.0965160e+002 -8.7517504e+001  1.0527662e+003 -1.2498222e+003  2.2405725e+002  7.2734001e-002
  3.0650000e-001 -1.9987491e+002  1.6973633e+002  8.2913787e+002 -1.3014263e+003  3.9632474e+002  8.6111150e-002
  3.0810000e-001 -2.8526584e+002  4.2943607e+002  5.6252304e+002 -1.2901722e+003  5.4071192e+002  9.7623855e-002
  3.0970000e-001 -3.6243302e+002  6.8131200e+002  2.6567696e+002 -1.2233027e+003  6.5813883e+002  1.0732552e-001
  3.1130000e-001 -4.2432299e+002  9.0241854e+002 -3.2607824e+001 -1.1129014e+003  7.4407340e+002  1.1475968e-001
  3.1290000e-001 -4.6735323e+002  1.0779555e+003 -3.0739275e+002 -9.7615661e+002  7.9948691e+002  1.1986052e-001
  3.1450000e-001 -4.9177658e+002  1.2038066e+003 -5.4359974e+002 -8.2962730e+002  8.2929185e+002  1.2289942e-001
  3.1610000e-001 -5.0056275e+002  1.2845632e+003 -7.3689125e+002 -6.8534671e+002  8.3994080e+002  1.2433720e-001
  3.1770000e-001 -4.9778028e+002  1.3294111e+003 -8.9077909e+002 -5.4982426e+002  8.3750670e+002  1.2467552e-001
  3.1940000e-001 -4.8648345e+002  1.3489235e+003 -1.0194621e+003 -4.1760758e+002  8.2588602e+002  1.2433069e-001
  3.2100000e-001 -4.7116033e+002  1.3497907e+003 -1.1165052e+003 -3.0329976e+002  8.0989184e+002  1.2372019e-001
  3.2260000e-001 -4.5325393e+002  1.3399211e+003 -1.1976032e+003 -1.9649668e+002  7.9111113e+002  1.2311020e-001
  3.2420000e-001 -4.3365046e+002  1.3228132e+003 -1.2681503e+003 -9.4563392e+001  7.7077578e+002  1.2270592e-001
  3.2580000e-001 -4.1230162e+002  1.2994839e+003 -1.3313896e+003  4.8874760e+000  7.4958883e+002  1.2266626e-001
  3.2740000e-001 -3.8827352e+002  1.2685013e+003 -1.3881803e+003  1.0359386e+002  7.2793560e+002  1.2311673e-001
  3.2900000e-001 -3.5973841e+002  1.2258556e+003 -1.4366281e+003  2.0225892e+002  7.0602061e+002  1.2415135e-001
  3.3060000e-001 -3.2395383e+002  1.1647303e+003 -1.4715074e+003  3.0005098e+002  6.8395050e+002  1.2581903e-001
  3.3230000e-001 -2.7399312e+002  1.0686830e+003 -1.4833527e+003  3.9956406e+002  6.6039045e+002  1.2824806e-001
  3.3390000e-001 -2.1159291e+002  9.3662929e+002 -1.4566859e+003  4.8277343e+002  6.3812382e+002  1.3096946e-001
  3.3550000e-001 -1.3109305e+002  7.5282635e+002 -1.3771129e+003  5.4655863e+002  6.1570682e+002  1.3371841e-001
  3.3710000e-001 -3.2203110e+001  5.1212074e+002 -1.2309174e+003  5.8003437e+002  5.9294030e+002  1.3585942e-001
  3.3870000e-001  8.0369869e+001  2.2196993e+002 -1.0143109e+003  5.7412764e+002  5.6941976e+002  1.3658980e-001
  3.4030000e-001  1.9624144e+002 -9.3825960e+001 -7.4062843e+002  5.2656281e+002  5.4457421e+002  1.3518396e-001
  3.4190000e-001  3.0188670e+002 -3.9974554e+002 -4.4043057e+002  4.4504932e+002  5.1790082e+002  1.3132224e-001
  3.4350000e-001  3.8573660e+002 -6.6141745e+002 -1.5134613e+002  3.4532319e+002  4.8930057e+002  1.2527646e-001
  3.4520000e-001  4.4504025e+002 -8.6836281e+002  1.0995534e+002  2.3879713e+002  4.5733066e+002  1.1729293e-001
  3.4680000e-001  4.7439032e+002 -9.9393363e+002  2.9792851e+002  1.5142057e+002  4.2666541e+002  1.0923623e-001
  3.4840000e-001  4.8381730e+002 -1.0632109e+003  4.3052426e+002  8.2629209e+001  3.9636746e+002  1.0138495e-001
  3.5000000e-001  4.7994387e+002 -1.0916008e+003  5.1705074e+002  3.2952138e+001  3.6711098e+002  9.4177322e-002
  3.5160000e-001  4.6846256e+002 -1.0936542e+003  5.6921162e+002  9.7020272e-003  3.3925579e+002  8.7805874e-002
  3.5320000e-001  4.5351686e+002 -1.0807366e+003  5.9769428e+002 -1.9549204e+001  3.1289264e+002  8.2299218e-002
  3.5480000e-001  4.3780874e+002 -1.0607866e+003  6.1092943e+002 -2.8968198e+001  2.8793216e+002  7.7598427e-002
  3.5650000e-001  4.2207921e+002 -1.0376088e+003  6.1511634e+002 -3.0880922e+001  2.6273678e+002  7.3381213e-002
  3.5810000e-001  4.0910029e+002 -1.0172151e+003  6.1420748e+002 -2.7242627e+001  2.4002574e+002  7.0038716e-002
  3.5970000e-001  3.9832575e+002 -1.0000521e+003  6.1150118e+002 -1.9879935e+001  2.1803703e+002  6.7211449e-002
  3.6130000e-001  3.8991996e+002 -9.8712602e+002  6.0889383e+002 -9.8658775e+000  1.9652753e+002  6.4823754e-002
  3.6290000e-001  3.8390585e+002 -9.7896936e+002  6.0765604e+002  2.0668386e+000  1.7525657e+002  6.2815849e-002
  3.6450000e-001  3.8023044e+002 -9.7583611e+002  6.0863925e+002  1.5453886e+001  1.5397958e+002  6.1143230e-002
  3.6610000e-001  3.7879803e+002 -9.7781149e+002  6.1240484e+002  3.0053773e+001  1.3243650e+002  5.9775530e-002
  3.6770000e-001  3.7947997e+002 -9.8485856e+002  6.1929207e+002  4.5827393e+001  1.1033591e+002  5.8695443e-002
  3.6940000e-001  3.8232881e+002 -9.9771575e+002  6.3017462e+002  6.4063385e+001  8.5858343e+001  5.7857586e-002
  3.7100000e-001  3.8675039e+002 -1.0144911e+003  6.4364536e+002  8.3046586e+001  6.1438913e+001  5.7368098e-002
  3.7260000e-001  3.9247492e+002 -1.0351001e+003  6.5976173e+002  1.0451242e+002  3.5137691e+001  5.7187957e-002
  3.7420000e-001  3.9890159e+002 -1.0583061e+003  6.7750228e+002  1.2954369e+002  6.2822051e+000  5.7347313e-002
  3.7580000e-001  4.0506672e+002 -1.0819696e+003  6.9500149e+002  1.5970687e+002 -2.5967874e+001  5.7885733e-002
  3.7740000e-001  4.0943773e+002 -1.1025163e+003  7.0909881e+002  1.9717031e+002 -6.2628000e+001  5.8847903e-002
  3.7900000e-001  4.0963743e+002 -1.1142061e+003  7.1473356e+002  2.4478153e+002 -1.0483929e+002  6.0273874e-002
  3.8060000e-001  4.0213517e+002 -1.1082825e+003  7.0427386e+002  3.0598471e+002 -1.5369515e+002  6.2179697e-002
  3.8230000e-001  3.8023668e+002 -1.0687532e+003  6.6360512e+002  3.8988387e+002 -2.1358932e+002  6.4682296e-002
  3.8390000e-001  3.4017552e+002 -9.8376392e+002  5.8380009e+002  4.8914867e+002 -2.7685182e+002  6.7327202e-002
  3.8550000e-001  2.7526700e+002 -8.3629864e+002  4.5105258e+002  6.0708649e+002 -3.4387043e+002  6.9935138e-002
  3.8710000e-001  1.8252141e+002 -6.1729772e+002  2.5970763e+002  7.3653056e+002 -4.0864836e+002  7.2028841e-002
  3.8870000e-001  6.5180139e+001 -3.3331009e+002  1.8244352e+001  8.6294835e+002 -4.6250569e+002  7.3064652e-002
  3.9030000e-001 -6.5668824e+001 -1.1249160e+001 -2.4758126e+002  9.6728338e+002 -4.9657592e+002  7.2644218e-002
  3.9190000e-001 -1.9385112e+002  3.0800578e+002 -5.0153205e+002  1.0331020e+003 -5.0556065e+002  7.0729743e-002
  3.9350000e-001 -3.0446552e+002  5.8568299e+002 -7.1133986e+002  1.0535397e+003 -4.9004624e+002  6.7686276e-002
  3.9520000e-001 -3.9366952e+002  8.1038115e+002 -8.6749284e+002  1.0302283e+003 -4.5287974e+002  6.3878054e-002
  3.9680000e-001 -4.5049194e+002  9.5286067e+002 -9.5211403e+002  9.7720916e+002 -4.0598708e+002  6.0350911e-002
  3.9840000e-001 -4.8554013e+002  1.0388137e+003 -9.8715013e+002  9.0573986e+002 -3.5369552e+002  5.7277404e-002
  4.0000000e-001 -5.0480682e+002  1.0827833e+003 -9.8588482e+002  8.2448288e+002 -2.9977094e+002  5.4847769e-002
  4.0160000e-001 -5.1370428e+002  1.0981733e+003 -9.5975285e+002  7.3856698e+002 -2.4595385e+002  5.3103113e-002
  4.0320000e-001 -5.1627789e+002  1.0951497e+003 -9.1692053e+002  6.5025399e+002 -1.9264166e+002  5.1992815e-002
  4.0480000e-001 -5.1517377e+002  1.0805031e+003 -8.6251160e+002  5.5998944e+002 -1.3955637e+002  5.1416704e-002
  4.0650000e-001 -5.1164347e+002  1.0567192e+003 -7.9523537e+002  4.6146391e+002 -8.2891754e+001  5.1249854e-002
  4.0810000e-001 -5.0680531e+002  1.0288168e+003 -7.2461656e+002  3.6566255e+002 -2.8995933e+001  5.1367884e-002
  4.0970000e-001 -5.0062813e+002  9.9650455e+002 -6.4787490e+002  2.6666120e+002  2.5400136e+001  5.1609637e-002
  4.1130000e-001 -4.9293756e+002  9.6010435e+002 -5.6591228e+002  1.6490745e+002  7.9817758e+001  5.1839457e-002
  4.1290000e-001 -4.8345165e+002  9.1978097e+002 -4.7994078e+002  6.1616088e+001  1.3336897e+002  5.1935102e-002
  4.1450000e-001 -4.7192808e+002  8.7583064e+002 -3.9161575e+002 -4.1306842e+001  1.8486436e+002  5.1797756e-002
  4.1610000e-001 -4.5826614e+002  8.2883148e+002 -3.0297577e+002 -1.4150661e+002  2.3299141e+002  5.1361111e-002
  4.1770000e-001 -4.4255672e+002  7.7966213e+002 -2.1623192e+002 -2.3653249e+002  2.7652438e+002  5.0596892e-002
  4.1940000e-001 -4.2393715e+002  7.2626407e+002 -1.2848409e+002 -3.2940693e+002  3.1669031e+002  4.9437570e-002
  4.2100000e-001 -4.0504460e+002  6.7613252e+002 -5.1839024e+001 -4.0754705e+002  3.4820436e+002  4.8064861e-002
  4.2260000e-001 -3.8532950e+002  6.2719368e+002  1.7913552e+001 -4.7585925e+002  3.7353442e+002  4.6486034e-002
  4.2420000e-001 -3.6528085e+002  5.8026739e+002  8.0314224e+001 -5.3427938e+002  3.9299733e+002  4.4777441e-002
  4.2580000e-001 -3.4532468e+002  5.3588173e+002  1.3549201e+002 -5.8336938e+002  4.0720338e+002  4.3015653e-002
  4.2740000e-001 -3.2578988e+002  4.9426501e+002  1.8404134e+002 -6.2413516e+002  4.1693754e+002  4.1269958e-002
  4.2900000e-001 -3.0689665e+002  4.5537936e+002  2.2687100e+002 -6.5783431e+002  4.2304990e+002  3.9598129e-002
  4.3060000e-001 -2.8876195e+002  4.1897651e+002  2.6506034e+002 -6.8581030e+002  4.2637114e+002  3.8045040e-002
  4.3230000e-001 -2.7035659e+002  3.8257271e+002  3.0181972e+002 -7.1072404e+002  4.2768596e+002  3.6561326e-002
  4.3390000e-001 -2.5380380e+002  3.4993261e+002  3.3398611e+002 -7.3089603e+002  4.2752364e+002  3.5344721e-002
  4.3550000e-001 -2.3790778e+002  3.1831532e+002  3.6483939e+002 -7.4894519e+002  4.2655104e+002  3.4316739e-002
  4.3710000e-001 -2.2255061e+002  2.8716912e+002  3.9529647e+002 -7.6573642e+002  4.2519424e+002  3.3485678e-002
  4.3870000e-001 -2.0759950e+002  2.5595312e+002  4.2616364e+002 -7.8197551e+002  4.2378181e+002  3.2856403e-002
  4.4030000e-001 -1.9291807e+002  2.2415204e+002  4.5814152e+002 -7.9822457e+002  4.2255727e+002  3.2432120e-002
  4.4190000e-001 -1.7837512e+002  1.9128482e+002  4.9183645e+002 -8.1492092e+002  4.2169082e+002  3.2215821e-002
  4.4350000e-001 -1.6385115e+002  1.5690890e+002  5.2777543e+002 -8.3239598e+002  4.2128829e+002  3.2211447e-002
  4.4520000e-001 -1.4832536e+002  1.1828104e+002  5.6893747e+002 -8.5208516e+002  4.2141966e+002  3.2445571e-002
  4.4680000e-001 -1.3353736e+002  7.9561701e+001  6.1091812e+002 -8.7184076e+002  4.2205264e+002  3.2899685e-002
  4.4840000e-001 -1.1851733e+002  3.8211958e+001  6.5643306e+002 -8.9286857e+002  4.2309193e+002  3.3592658e-002
  4.5000000e-001 -1.0322716e+002 -6.0727263e+000  7.0584640e+002 -9.1516464e+002  4.2436311e+002  3.4540247e-002
  4.5160000e-001 -8.7650203e+001 -5.3577155e+001  7.5950440e+002 -9.3861076e+002  4.2557171e+002  3.5762216e-002
  4.5320000e-001 -7.1789804e+001 -1.0457021e+002  8.1772071e+002 -9.6291678e+002  4.2625077e+002  3.7282176e-002
  4.5480000e-001 -5.5668017e+001 -1.5929927e+002  8.8072985e+002 -9.8751778e+002  4.2567980e+002  3.9126685e-002
  4.5650000e-001 -3.8299035e+001 -2.2176301e+002  9.5298130e+002 -1.0128363e+003  4.2246949e+002  4.1472539e-002
  4.5810000e-001 -2.1797939e+001 -2.8468972e+002  1.0256068e+003 -1.0340342e+003  4.1524096e+002  4.4067963e-002
  4.5970000e-001 -5.2622189e+000 -3.5141530e+002  1.1015673e+003 -1.0496660e+003  4.0139311e+002  4.7048814e-002
  4.6130000e-001  1.1113525e+001 -4.2114835e+002  1.1783183e+003 -1.0549461e+003  3.7729256e+002  5.0394129e-002
  4.6290000e-001  2.6984414e+001 -4.9200931e+002  1.2509201e+003 -1.0424450e+003  3.3783141e+002  5.4025249e-002
  4.6450000e-001  4.1747085e+001 -5.6024071e+002  1.3106533e+003 -1.0011970e+003  2.7621839e+002  5.7763657e-002
  4.6610000e-001  5.4401839e+001 -6.1918541e+002  1.3434741e+003 -9.1624888e+002  1.8428805e+002  6.1275692e-002
  4.6770000e-001  6.3450066e+001 -6.5842633e+002  1.3292318e+003 -7.6981085e+002  5.4038866e+001  6.4021600e-002
  4.6940000e-001  6.6989630e+001 -6.6306354e+002  1.2354674e+003 -5.2909650e+002 -1.3090585e+002  6.5267029e-002
  4.7100000e-001  6.2799205e+001 -6.1805147e+002  1.0518192e+003 -2.1798963e+002 -3.4279820e+002  6.4022706e-002
  4.7260000e-001  5.0898300e+001 -5.1857013e+002  7.7283119e+002  1.5565565e+002 -5.7056360e+002  5.9909956e-002
  4.7420000e-001  3.3235989e+001 -3.7308472e+002  4.2470990e+002  5.4612096e+002 -7.8133534e+002  5.3098051e-002
  4.7580000e-001  1.3891605e+001 -2.0517230e+002  5.8176981e+001  8.9568510e+002 -9.4225579e+002  4.4533583e-002
  4.7740000e-001 -2.6574733e+000 -4.3784069e+001 -2.7285677e+002  1.1598627e+003 -1.0352899e+003  3.5562002e-002
  4.7900000e-001 -1.3471079e+001  8.9288253e+001 -5.3354999e+002  1.3236908e+003 -1.0626112e+003  2.7345546e-002
  4.8060000e-001 -1.7809034e+001  1.8515543e+002 -7.1502554e+002  1.3986754e+003 -1.0401505e+003  2.0523266e-002
  4.8230000e-001 -1.6282579e+001  2.4822073e+002 -8.3188261e+002  1.4079460e+003 -9.8344229e+002  1.4953091e-002
  4.8390000e-001 -1.0622701e+001  2.7834172e+002 -8.8814470e+002  1.3759732e+003 -9.1604617e+002  1.1120645e-002
  4.8550000e-001 -2.3201378e+000  2.8807976e+002 -9.0911727e+002  1.3236733e+003 -8.4596226e+002  8.3844155e-003
  4.8710000e-001  7.5187820e+000  2.8408924e+002 -9.0778821e+002  1.2634807e+003 -7.7924942e+002  6.4838664e-003
  4.8870000e-001  1.8123749e+001  2.7138275e+002 -8.9340145e+002  1.2028905e+003 -7.1885164e+002  5.2052006e-003
  4.9030000e-001  2.8995070e+001  2.5349535e+002 -8.7215665e+002  1.1460436e+003 -6.6584467e+002  4.3878251e-003
  4.9190000e-001  3.9825525e+001  2.3283266e+002 -8.4807244e+002  1.0950044e+003 -6.2029357e+002  3.9174236e-003
  4.9350000e-001  5.0436505e+001  2.1100235e+002 -8.2370802e+002  1.0506374e+003 -5.8177496e+002  3.7160143e-003
  4.9520000e-001  6.1365115e+001  1.8771439e+002 -7.9931795e+002  1.0110421e+003 -5.4786165e+002  3.7406014e-003
  4.9680000e-001  7.1285017e+001  1.6644309e+002 -7.7885291e+002  9.8075993e+002 -5.2184876e+002  3.9574503e-003
  4.9840000e-001  8.0849807e+001  1.4626602e+002 -7.6149069e+002  9.5700296e+002 -5.0092120e+002  4.3488069e-003
  5.0000000e-001  9.0088832e+001  1.2747787e+002 -7.4769738e+002  9.3949887e+002 -4.8450822e+002  4.9150525e-003
  5.0160000e-001  9.9058304e+001  1.1025769e+002 -7.3781966e+002  9.2799067e+002 -4.7209428e+002  5.6685470e-003
  5.0320000e-001  1.0784364e+002  9.4690206e+001 -7.3212857e+002  9.2224549e+002 -4.6320098e+002  6.6336489e-003
  5.0480000e-001  1.1656595e+002  8.0768591e+001 -7.3083163e+002  9.2203449e+002 -4.5735467e+002  7.8478648e-003
  5.0650000e-001  1.2595296e+002  6.7651010e+001 -7.3440561e+002  9.2756379e+002 -4.5390071e+002  9.4704079e-003
  5.0810000e-001  1.3514507e+002  5.6605431e+001 -7.4240622e+002  9.3773825e+002 -4.5257187e+002  1.1386486e-002
  5.0970000e-001  1.4500901e+002  4.6338548e+001 -7.5461085e+002  9.5198860e+002 -4.5221708e+002  1.3777511e-002
  5.1130000e-001  1.5597801e+002  3.6064829e+001 -7.7026381e+002  9.6901826e+002 -4.5156889e+002  1.6767401e-002
  5.1290000e-001  1.6862889e+002  2.4543549e+001 -7.8781762e+002  9.8656932e+002 -4.4873725e+002  2.0511001e-002
  5.1450000e-001  1.8370571e+002  9.8861159e+000 -8.0443600e+002  1.0008347e+003 -4.4089877e+002  2.5191854e-002
  5.1610000e-001  2.0211158e+002 -1.0656276e+001 -8.1530969e+002  1.0056742e+003 -4.2393289e+002  3.1006448e-002
  5.1770000e-001  2.2481665e+002 -4.0822913e+001 -8.1288395e+002  9.9177344e+002 -3.9213337e+002  3.8120499e-002
  5.1940000e-001  2.5450646e+002 -8.8491651e+001 -7.8364389e+002  9.4199827e+002 -3.3406602e+002  4.7147185e-002
  5.2100000e-001  2.8769420e+002 -1.5260069e+002 -7.1711110e+002  8.4607031e+002 -2.4877507e+002  5.6766749e-002
  5.2260000e-001  3.2437760e+002 -2.3726796e+002 -6.0046436e+002  6.8908069e+002 -1.2917007e+002  6.6744771e-002
  5.2420000e-001  3.6078978e+002 -3.3876373e+002 -4.2982638e+002  4.6829369e+002  2.1636850e+001  7.5813939e-002
  5.2580000e-001  3.9135881e+002 -4.4599238e+002 -2.1663123e+002  1.9952348e+002  1.8951275e+002  8.2403716e-002
  5.2740000e-001  4.1063250e+002 -5.4284220e+002  1.1636807e+001 -8.2805210e+001  3.5149193e+002  8.5246177e-002
  5.2900000e-001  4.1582914e+002 -6.1482504e+002  2.2135789e+002 -3.3816921e+002  4.8469782e+002  8.3997335e-002
  5.3060000e-001  4.0798426e+002 -6.5528949e+002  3.8726247e+002 -5.3722995e+002  5.7596609e+002  7.9357349e-002
  5.3230000e-001  3.8957698e+002 -6.6632526e+002  5.0562341e+002 -6.7682790e+002  6.2665394e+002  7.2155057e-002
  5.3390000e-001  3.6736988e+002 -6.5454548e+002  5.6774317e+002 -7.4824634e+002  6.3962511e+002  6.4576906e-002
  5.3550000e-001  3.4395881e+002 -6.2976588e+002  5.9373724e+002 -7.7648069e+002  6.3013946e+002  5.7150296e-002
  5.3710000e-001  3.2146088e+002 -5.9860706e+002  5.9547387e+002 -7.7633993e+002  6.0783136e+002  5.0374497e-002
  5.3870000e-001  3.0088761e+002 -5.6542752e+002  5.8248075e+002 -7.5956583e+002  5.7965571e+002  4.4449412e-002
  5.4030000e-001  2.8252784e+002 -5.3268596e+002  5.6142528e+002 -7.3432406e+002  5.5004631e+002  3.9396847e-002
  5.4190000e-001  2.6627101e+002 -5.0152856e+002  5.3656287e+002 -7.0581834e+002  5.2155884e+002  3.5150779e-002
  5.4350000e-001  2.5181965e+002 -4.7229349e+002  5.1040501e+002 -6.7713433e+002  4.9550844e+002  3.1611806e-002
  5.4520000e-001  2.3803722e+002 -4.4320089e+002  4.8268911e+002 -6.4833145e+002  4.7111138e+002  2.8509795e-002
  5.4680000e-001  2.2616086e+002 -4.1729774e+002  4.5730647e+002 -6.2362375e+002  4.5134465e+002  2.6108480e-002
  5.4840000e-001  2.1500224e+002 -3.9236112e+002  4.3276088e+002 -6.0149373e+002  4.3452782e+002  2.4124356e-002
  5.5000000e-001  2.0426456e+002 -3.6791243e+002  4.0894699e+002 -5.8186446e+002  4.2038379e+002  2.2486753e-002
  5.5160000e-001  1.9369643e+002 -3.4349991e+002  3.8562594e+002 -5.6447492e+002  4.0856952e+002  2.1136396e-002
  5.5320000e-001  1.8309497e+002 -3.1873074e+002  3.6250418e+002 -5.4896056e+002  3.9871055e+002  2.0023604e-002
  5.5480000e-001  1.7230866e+002 -2.9329566e+002  3.3928872e+002 -5.3490540e+002  3.9042065e+002  1.9106541e-002
  5.5650000e-001  1.6053788e+002 -2.6531349e+002  3.1423982e+002 -5.2108866e+002  3.8290113e+002  1.8307025e-002
  5.5810000e-001  1.4912663e+002 -2.3799017e+002  2.9011994e+002 -5.0869720e+002  3.7664397e+002  1.7687394e-002
  5.5970000e-001  1.3741254e+002 -2.0976030e+002  2.6539334e+002 -4.9651446e+002  3.7082482e+002  1.7170361e-002
  5.6130000e-001  1.2547093e+002 -1.8080534e+002  2.4009421e+002 -4.8422404e+002  3.6512898e+002  1.6734141e-002
  5.6290000e-001  1.1342558e+002 -1.5142537e+002  2.1436825e+002 -4.7158715e+002  3.5928838e+002  1.6360489e-002
  5.6450000e-001  1.0143791e+002 -1.2201617e+002  1.8846233e+002 -4.5845416e+002  3.5309206e+002  1.6034520e-002
  5.6610000e-001  8.9692462e+001 -9.3035685e+001  1.6270284e+002 -4.4476864e+002  3.4639358e+002  1.5744558e-002
  5.6770000e-001  7.8380223e+001 -6.4963847e+001  1.3746507e+002 -4.3056297e+002  3.3911353e+002  1.5481944e-002
  5.6940000e-001  6.7037220e+001 -3.6647041e+001  1.1165635e+002 -4.1502210e+002  3.3072517e+002  1.5226295e-002
  5.7100000e-001  5.7160501e+001 -1.1838515e+001  8.8698662e+001 -4.0015050e+002  3.2225967e+002  1.5003977e-002
  5.7260000e-001  4.8178774e+001  1.0863479e+001  6.7353757e+001 -3.8524759e+002  3.1332843e+002  1.4797720e-002
  5.7420000e-001  4.0167183e+001  3.1249519e+001  4.7861596e+001 -3.7052674e+002  3.0404586e+002  1.4607230e-002
  5.7580000e-001  3.3158251e+001  4.9215978e+001  3.0379003e+001 -3.5619236e+002  2.9453968e+002  1.4433028e-002
  5.7740000e-001  2.7145351e+001  6.4757892e+001  1.4979053e+001 -3.4242458e+002  2.8493787e+002  1.4276004e-002
  5.7900000e-001  2.2089022e+001  7.7954317e+001  1.6581809e+000 -3.2936929e+002  2.7535826e+002  1.4137053e-002
  5.8060000e-001  1.7924754e+001  8.8949612e+001 -9.6516245e+000 -3.1713338e+002  2.6590150e+002  1.4016816e-002
  5.8230000e-001  1.4386273e+001  9.8433288e+001 -1.9597202e+001 -3.0510529e+002  2.5607674e+002  1.3909804e-002
  5.8390000e-001  1.1793738e+001  1.0551864e+002 -2.7170121e+001 -2.9473123e+002  2.4709894e+002  1.3828283e-002
  5.8550000e-001  9.8200700e+000  1.1105274e+002 -3.3188041e+001 -2.8527202e+002  2.3841667e+002  1.3764512e-002
  5.8710000e-001  8.3722513e+000  1.1526291e+002 -3.7835491e+001 -2.7669787e+002  2.3004367e+002  1.3717126e-002
  5.8870000e-001  7.3622231e+000  1.1836621e+002 -4.1297775e+001 -2.6895820e+002  2.2197653e+002  1.3684294e-002
  5.9030000e-001  6.7090221e+000  1.2056383e+002 -4.3754760e+001 -2.6198672e+002  2.1419762e+002  1.3663775e-002
  5.9190000e-001  6.3399460e+000  1.2203774e+002 -4.5376800e+001 -2.5570589e+002  2.0667798e+002  1.3652977e-002
  5.9350000e-001  6.1909897e+000  1.2294940e+002 -4.6322383e+001 -2.5003052e+002  1.9938000e+002  1.3649012e-002
  5.9520000e-001  6.2121082e+000  1.2345915e+002 -4.6748464e+001 -2.4456319e+002  1.9181953e+002  1.3648773e-002
  5.9680000e-001  6.3514249e+000  1.2363383e+002 -4.6744013e+001 -2.3984964e+002  1.8483513e+002  1.3648765e-002
  5.9840000e-001  6.5665522e+000  1.2361656e+002 -4.6468254e+001 -2.3545973e+002  1.7792610e+002  1.3645378e-002
  6.0000000e-001  6.8253231e+000  1.2349205e+002 -4.6028682e+001 -2.3130026e+002  1.7104036e+002  1.3634965e-002
  6.0160000e-001  7.1017896e+000  1.2332987e+002 -4.5522063e+001 -2.2727926e+002  1.6412601e+002  1.3613782e-002
  6.0320000e-001  7.3755606e+000  1.2318604e+002 -4.5035409e+001 -2.2330665e+002  1.5713237e+002  1.3578027e-002
  6.0480000e-001  7.6311923e+000  1.2310446e+002 -4.4646875e+001 -2.1929492e+002  1.5001097e+002  1.3523874e-002
  6.0650000e-001  7.8706418e+000  1.2312287e+002 -4.4419770e+001 -2.1489533e+002  1.4225393e+002  1.3441931e-002
  6.0810000e-001  8.0583476e+000  1.2326353e+002 -4.4446349e+001 -2.1054090e+002  1.3473061e+002  1.3337921e-002
  6.0970000e-001  8.2059583e+000  1.2353853e+002 -4.4762078e+001 -2.0590212e+002  1.2695478e+002  1.3204184e-002
  6.1130000e-001  8.3130831e+000  1.2395447e+002 -4.5414803e+001 -2.0090904e+002  1.1889656e+002  1.3037352e-002
  6.1290000e-001  8.3820291e+000  1.2451101e+002 -4.6445351e+001 -1.9549833e+002  1.1053295e+002  1.2834338e-002
  6.1450000e-001  8.4174516e+000  1.2520162e+002 -4.7887380e+001 -1.8961436e+002  1.0184871e+002  1.2592424e-002
  6.1610000e-001  8.4260049e+000  1.2601428e+002 -4.9767108e+001 -1.8321046e+002  9.2837144e+001  1.2309342e-002
  6.1770000e-001  8.4159810e+000  1.2693221e+002 -5.2102988e+001 -1.7625011e+002  8.3500780e+001  1.1983362e-002
  6.1940000e-001  8.3956724e+000  1.2799955e+002 -5.5096109e+001 -1.6821706e+002  7.3238916e+001  1.1588774e-002
  6.2100000e-001  8.3784349e+000  1.2906544e+002 -5.8396141e+001 -1.6004330e+002  6.3282626e+001  1.1171587e-002
  6.2260000e-001  8.3740717e+000  1.3016394e+002 -6.2157400e+001 -1.5127593e+002  5.3070756e+001  1.0710362e-002
  6.2420000e-001  8.3933604e+000  1.3126746e+002 -6.6364242e+001 -1.4192991e+002  4.2645881e+001  1.0206281e-002
  6.2580000e-001  8.4465642e+000  1.3234815e+002 -7.0992714e+001 -1.3203408e+002  3.2059504e+001  9.6613423e-003
  6.2740000e-001  8.5429787e+000  1.3337897e+002 -7.6011039e+001 -1.2163077e+002  2.1370961e+001  9.0783432e-003
  6.2900000e-001  8.6905036e+000  1.3433470e+002 -8.1380374e+001 -1.1077501e+002  1.0645971e+001  8.4608404e-003
  6.3060000e-001  8.8952580e+000  1.3519296e+002 -8.7055831e+001 -9.9533104e+001 -4.5141592e-002  7.8130768e-003
  6.3230000e-001  9.1799704e+000  1.3597722e+002 -9.3365799e+001 -8.7250464e+001 -1.1285750e+001  7.0970805e-003
  6.3390000e-001  9.5128313e+000  1.3658036e+002 -9.9512056e+001 -7.5459821e+001 -2.1676258e+001  6.4026651e-003
  6.3550000e-001  9.9076784e+000  1.3704343e+002 -1.0580354e+002 -6.3535584e+001 -3.1810705e+001  5.6940666e-003
  6.3710000e-001  1.0361023e+001  1.3736283e+002 -1.1218539e+002 -5.1567871e+001 -4.1621771e+001  4.9770530e-003
  6.3870000e-001  1.0866919e+001  1.3754046e+002 -1.1860424e+002 -3.9646056e+001 -5.1048130e+001  4.2573830e-003
  6.4030000e-001  1.1417124e+001  1.3758355e+002 -1.2500969e+002 -2.7856206e+001 -6.0036085e+001  3.5406531e-003
  6.4190000e-001  1.2001350e+001  1.3750432e+002 -1.3135552e+002 -1.6278762e+001 -6.8540848e+001  2.8321577e-003
  6.4350000e-001  1.2607568e+001  1.3731949e+002 -1.3760070e+002 -4.9865904e+000 -7.6527405e+001  2.1367688e-003
  6.4520000e-001  1.3260754e+001  1.3703043e+002 -1.4408667e+002  6.6275954e+000 -8.4417745e+001  1.4171390e-003
  6.4680000e-001  1.3868860e+001  1.3669610e+002 -1.5002015e+002  1.7141265e+001 -9.1268556e+001  7.6187640e-004
  6.4840000e-001  1.4455129e+001  1.3632786e+002 -1.5576513e+002  2.7206856e+001 -9.7557031e+001  1.3115586e-004
  6.5000000e-001  1.5004232e+001  1.3595312e+002 -1.6130563e+002  3.6792766e+001 -1.0328816e+002 -4.7256651e-004
  6.5160000e-001  1.5500908e+001  1.3559989e+002 -1.6663147e+002  4.5877788e+001 -1.0847515e+002 -1.0474678e-003
  6.5320000e-001  1.5930239e+001  1.3529610e+002 -1.7173770e+002  5.4450442e+001 -1.1313829e+002 -1.5923286e-003
  6.5480000e-001  1.6277875e+001  1.3506898e+002 -1.7662386e+002  6.2508053e+001 -1.1730379e+002 -2.1064880e-003
  6.5650000e-001  1.6542516e+001  1.3494073e+002 -1.8157800e+002  7.0510669e+001 -1.2121905e+002 -2.6189736e-003
  6.5810000e-001  1.6679639e+001  1.3495202e+002 -1.8602392e+002  7.7529125e+001 -1.2445980e+002 -3.0698023e-003
  6.5970000e-001  1.6696189e+001  1.3511405e+002 -1.9026818e+002  8.4067085e+001 -1.2730757e+002 -3.4907609e-003
  6.6130000e-001  1.6581386e+001  1.3544689e+002 -1.9432051e+002  9.0145611e+001 -1.2980075e+002 -3.8828317e-003
  6.6290000e-001  1.6325424e+001  1.3596824e+002 -1.9819116e+002  9.5788588e+001 -1.3197825e+002 -4.2472399e-003
  6.6450000e-001  1.5919444e+001  1.3669341e+002 -2.0189028e+002  1.0102166e+002 -1.3387877e+002 -4.5853953e-003
  6.6610000e-001  1.5355506e+001  1.3763524e+002 -2.0542729e+002  1.0587126e+002 -1.3554017e+002 -4.8988403e-003
  6.6770000e-001  1.4626531e+001  1.3880413e+002 -2.0881035e+002  1.1036378e+002 -1.3699905e+002 -5.1892040e-003
  6.6940000e-001  1.3664181e+001  1.4030376e+002 -2.1224331e+002  1.1477443e+002 -1.3836622e+002 -5.4742998e-003
  6.7100000e-001  1.2575929e+001  1.4196351e+002 -2.1532670e+002  1.1860967e+002 -1.3951549e+002 -5.7223648e-003
  6.7260000e-001  1.1305897e+001  1.4386729e+002 -2.1826859e+002  1.2216107e+002 -1.4056285e+002 -5.9524911e-003
  6.7420000e-001  9.8501230e+000  1.4601585e+002 -2.2106770e+002  1.2544823e+002 -1.4153677e+002 -6.1663124e-003
  6.7580000e-001  8.2053677e+000  1.4840762e+002 -2.2371960e+002  1.2848792e+002 -1.4246337e+002 -6.3654052e-003
  6.7740000e-001  6.3691429e+000  1.5103865e+002 -2.2621648e+002  1.3129374e+002 -1.4336642e+002 -6.5512743e-003
  6.7900000e-001  4.3397556e+000  1.5390255e+002 -2.2854688e+002  1.3387589e+002 -1.4426727e+002 -6.7253411e-003
  6.8060000e-001  2.1163803e+000  1.5699041e+002 -2.3069553e+002  1.3624088e+002 -1.4518491e+002 -6.8889337e-003
  6.8230000e-001 -4.5833098e-001  1.6050368e+002 -2.3275765e+002  1.3851869e+002 -1.4619677e+002 -7.0526445e-003
  6.8390000e-001 -3.0801270e+000  1.6401380e+002 -2.3446579e+002  1.4043976e+002 -1.4719860e+002 -7.1983872e-003
  6.8550000e-001 -5.8918353e+000  1.6770340e+002 -2.3591974e+002  1.4213902e+002 -1.4826027e+002 -7.3370628e-003
  6.8710000e-001 -8.8894268e+000  1.7155168e+002 -2.3708704e+002  1.4360641e+002 -1.4939082e+002 -7.4695449e-003
  6.8870000e-001 -1.2067206e+001  1.7553443e+002 -2.3793086e+002  1.4482755e+002 -1.5059678e+002 -7.5965781e-003
  6.9030000e-001 -1.5417574e+001  1.7962377e+002 -2.3840997e+002  1.4578368e+002 -1.5188206e+002 -7.7187699e-003
  6.9190000e-001 -1.8930769e+001  1.8378791e+002 -2.3847890e+002  1.4645172e+002 -1.5324785e+002 -7.8365834e-003
  6.9350000e-001 -2.2594597e+001  1.8799099e+002 -2.3808822e+002  1.4680442e+002 -1.5469256e+002 -7.9503281e-003
  6.9520000e-001 -2.6635744e+001  1.9245451e+002 -2.3711014e+002  1.4679857e+002 -1.5630897e+002 -8.0668852e-003
  6.9680000e-001 -3.0559859e+001  1.9660643e+002 -2.3560059e+002  1.4639799e+002 -1.5789895e+002 -8.1725106e-003
  6.9840000e-001 -3.4579304e+001  2.0066086e+002 -2.3346016e+002  1.4557520e+002 -1.5954458e+002 -8.2739661e-003
  7.0000000e-001 -3.8669339e+001  2.0456465e+002 -2.3062898e+002  1.4428932e+002 -1.6123203e+002 -8.3708472e-003
  7.0160000e-001 -4.2801640e+001  2.0826077e+002 -2.2704703e+002  1.4249770e+002 -1.6294437e+002 -8.4625553e-003
  7.0320000e-001 -4.6944243e+001  2.1168874e+002 -2.2265554e+002  1.4015692e+002 -1.6466167e+002 -8.5482957e-003
  7.0480000e-001 -5.1061579e+001  2.1478536e+002 -2.1739858e+002  1.3722393e+002 -1.6636113e+002 -8.6270789e-003
  7.0650000e-001 -5.5364887e+001  2.1763960e+002 -2.1080748e+002  1.3341260e+002 -1.6811885e+002 -8.7018429e-003
  7.0810000e-001 -5.9303468e+001  2.1984626e+002 -2.0361090e+002  1.2913138e+002 -1.6969897e+002 -8.7623634e-003
  7.0970000e-001 -6.3088041e+001  2.2152099e+002 -1.9541482e+002  1.2414345e+002 -1.7117718e+002 -8.8117930e-003
  7.1130000e-001 -6.6671754e+001  2.2260037e+002 -1.8619452e+002  1.1842255e+002 -1.7252314e+002 -8.8484944e-003
  7.1290000e-001 -7.0006619e+001  2.2302460e+002 -1.7593783e+002  1.1195064e+002 -1.7370622e+002 -8.8707455e-003
  7.1450000e-001 -7.3044477e+001  2.2273905e+002 -1.6464683e+002  1.0471950e+002 -1.7469639e+002 -8.8767851e-003
  7.1610000e-001 -7.5738081e+001  2.2169594e+002 -1.5233909e+002  9.6731975e+001 -1.7546516e+002 -8.8648660e-003
  7.1770000e-001 -7.8042245e+001  2.1985575e+002 -1.3904837e+002  8.8003040e+001 -1.7598651e+002 -8.8333134e-003
  7.1940000e-001 -8.0016855e+001  2.1699386e+002 -1.2390625e+002  7.7947385e+001 -1.7624415e+002 -8.7765558e-003
  7.2100000e-001 -8.1390193e+001  2.1342675e+002 -1.0876407e+002  6.7791158e+001 -1.7618867e+002 -8.6998616e-003
  7.2260000e-001 -8.2260491e+001  2.0900435e+002 -9.2840954e+001  5.7018591e+001 -1.7583100e+002 -8.5994954e-003
  7.2420000e-001 -8.2602123e+001  2.0372980e+002 -7.6230879e+001  4.5695117e+001 -1.7516389e+002 -8.4746891e-003
  7.2580000e-001 -8.2396290e+001  1.9761675e+002 -5.9037889e+001  3.3896385e+001 -1.7418608e+002 -8.3250212e-003
  7.2740000e-001 -8.1631335e+001  1.9068847e+002 -4.1373195e+001  2.1706511e+001 -1.7290248e+002 -8.1504448e-003
  7.2900000e-001 -8.0302775e+001  1.8297653e+002 -2.3352000e+001  9.2160409e+000 -1.7132399e+002 -7.9512997e-003
  7.3060000e-001 -7.8413055e+001  1.7451907e+002 -5.0902707e+000 -3.4802308e+000 -1.6946717e+002 -7.7283095e-003
  7.3230000e-001 -7.5800399e+001  1.6476429e+002  1.4449317e+001 -1.7087175e+001 -1.6721368e+002 -7.4664800e-003
  7.3390000e-001 -7.2787742e+001  1.5490815e+002  3.2853860e+001 -2.9902058e+001 -1.6485626e+002 -7.1981245e-003
  7.3550000e-001 -6.9258333e+001  1.4444525e+002  5.1169272e+001 -4.2628162e+001 -1.6229999e+002 -6.9102710e-003
  7.3710000e-001 -6.5235956e+001  1.3342199e+002  6.9303761e+001 -5.5174024e+001 -1.5957752e+002 -6.6048926e-003
  7.3870000e-001 -6.0747476e+001  1.2188288e+002  8.7175530e+001 -6.7452683e+001 -1.5672336e+002 -6.2841460e-003
  7.4030000e-001 -5.5822020e+001  1.0986971e+002  1.0471312e+002 -7.9382394e+001 -1.5377308e+002 -5.9503156e-003
  7.4190000e-001 -5.0490275e+001  9.7421036e+001  1.2185517e+002 -9.0886990e+001 -1.5076263e+002 -5.6057585e-003
  7.4350000e-001 -4.4783936e+001  8.4572158e+001  1.3854967e+002 -1.0189595e+002 -1.4772768e+002 -5.2528534e-003
  7.4520000e-001 -3.8346667e+001  7.0517897e+001  1.5574844e+002 -1.1297727e+002 -1.4451532e+002 -4.8713783e-003
  7.4680000e-001 -3.1970262e+001  5.6943371e+001  1.7138963e+002 -1.2276444e+002 -1.4153908e+002 -4.5086232e-003
  7.4840000e-001 -2.5319459e+001  4.3061772e+001  1.8646986e+002 -1.3187288e+002 -1.3864168e+002 -4.1444997e-003
  7.5000000e-001 -1.8427741e+001  2.8901731e+001  2.0096241e+002 -1.4025251e+002 -1.3585395e+002 -3.7810780e-003
  7.5160000e-001 -1.1329118e+001  1.4492883e+001  2.1484346e+002 -1.4785757e+002 -1.3320508e+002 -3.4202882e-003
  7.5320000e-001 -4.0582994e+000 -1.3303369e-001  2.2809116e+002 -1.5464667e+002 -1.3072246e+002 -3.0639063e-003
  7.5480000e-001  3.3491501e+000 -1.4941207e+001  2.4068494e+002 -1.6058290e+002 -1.2843171e+002 -2.7135447e-003
  7.5650000e-001  1.1328391e+001 -3.0831317e+001  2.5332745e+002 -1.6591980e+002 -1.2623454e+002 -2.3494921e-003
  7.5810000e-001  1.8901158e+001 -4.5888645e+001  2.6451183e+002 -1.7000146e+002 -1.2441232e+002 -2.0159070e-003
  7.5970000e-001  2.6495658e+001 -6.0996358e+001  2.7498586e+002 -1.7314926e+002 -1.2284849e+002 -1.6922055e-003
  7.6130000e-001  3.4072763e+001 -7.6102803e+001  2.8473435e+002 -1.7534929e+002 -1.2156059e+002 -1.3792895e-003
  7.6290000e-001  4.1593049e+001 -9.1152826e+001  2.9374488e+002 -1.7659488e+002 -1.2056394e+002 -1.0778831e-003
  7.6450000e-001  4.9017274e+001 -1.0608870e+002  3.0200876e+002 -1.7688732e+002 -1.1987151e+002 -7.8853432e-004
  7.6610000e-001  5.6306957e+001 -1.2085130e+002  3.0952196e+002 -1.7623620e+002 -1.1949379e+002 -5.1161744e-004
  7.6770000e-001  6.3425019e+001 -1.3538154e+002  3.1628606e+002 -1.7465982e+002 -1.1943872e+002 -2.4733805e-004
  7.6940000e-001  7.0760815e+001 -1.5050093e+002  3.2266114e+002 -1.7200143e+002 -1.1973967e+002  1.9565874e-005
  7.7100000e-001  7.7417450e+001 -1.6437337e+002  3.2791313e+002 -1.6861139e+002 -1.2036403e+002  2.5781394e-004
  7.7260000e-001  8.3804603e+001 -1.7784812e+002  3.3246275e+002 -1.6440499e+002 -1.2131923e+002  4.8376167e-004
  7.7420000e-001  8.9897470e+001 -1.9088112e+002  3.3634010e+002 -1.5943344e+002 -1.2260294e+002  6.9779534e-004
  7.7580000e-001  9.5675527e+001 -2.0343514e+002  3.3958241e+002 -1.5375417e+002 -1.2421060e+002  9.0041199e-004
  7.7740000e-001  1.0112278e+002 -2.1548052e+002  3.4223365e+002 -1.4742973e+002 -1.2613581e+002  1.0922017e-003
  7.7900000e-001  1.0622787e+002 -2.2699571e+002  3.4434377e+002 -1.4052647e+002 -1.2837057e+002  1.2738289e-003
  7.8060000e-001  1.1098403e+002 -2.3796733e+002  3.4596783e+002 -1.3311318e+002 -1.3090578e+002  1.4460131e-003
  7.8230000e-001  1.1565257e+002 -2.4902340e+002  3.4722709e+002 -1.2475586e+002 -1.3391764e+002  1.6194581e-003
  7.8390000e-001  1.1968624e+002 -2.5886609e+002  3.4803895e+002 -1.1651094e+002 -1.3704125e+002  1.7745749e-003
  7.8550000e-001  1.2337638e+002 -2.6817302e+002  3.4855435e+002 -1.0796766e+002 -1.4043506e+002  1.9226062e-003
  7.8710000e-001  1.2673193e+002 -2.7696067e+002  3.4883828e+002 -9.9191164e+001 -1.4409008e+002  2.0643191e-003
  7.8870000e-001  1.2976460e+002 -2.8525099e+002  3.4895554e+002 -9.0242847e+001 -1.4799859e+002  2.2004592e-003
  7.9030000e-001  1.3248827e+002 -2.9307046e+002  3.4896979e+002 -8.1179492e+001 -1.5215453e+002  2.3317438e-003
  7.9190000e-001  1.3491847e+002 -3.0044909e+002  3.4894278e+002 -7.2052581e+001 -1.5655399e+002  2.4588579e-003
  7.9350000e-001  1.3707186e+002 -3.0741947e+002  3.4893367e+002 -6.2907747e+001 -1.6119556e+002  2.5824537e-003
  7.9520000e-001  1.3907587e+002 -3.1441644e+002  3.4900619e+002 -5.3215657e+001 -1.6639420e+002  2.7106150e-003
  7.9680000e-001  1.4071306e+002 -3.2065355e+002  3.4920690e+002 -4.4150890e+001 -1.7154333e+002  2.8288939e-003
  7.9840000e-001  1.4212631e+002 -3.2658831e+002  3.4958537e+002 -3.5167874e+001 -1.7694952e+002  2.9454966e-003
  8.0000000e-001  1.4333197e+002 -3.3225434e+002  3.5018566e+002 -2.6285342e+001 -1.8262503e+002  3.0610057e-003
  8.0160000e-001  1.4434527e+002 -3.3768340e+002  3.5104736e+002 -1.7515015e+001 -1.8858620e+002  3.1760181e-003
  8.0320000e-001  1.4517993e+002 -3.4290468e+002  3.5220540e+002 -8.8614962e+000 -1.9485380e+002  3.2911635e-003
  8.0480000e-001  1.4584782e+002 -3.4794397e+002  3.5368981e+002 -3.2214034e-001 -2.0145325e+002  3.4071263e-003
  8.0650000e-001  1.4638546e+002 -3.5312297e+002  3.5565220e+002  8.6372583e+000 -2.0886288e+002  3.5320888e-003
  8.0810000e-001  1.4673692e+002 -3.5784972e+002  3.5788159e+002  1.6981680e+001 -2.1624877e+002  3.6522734e-003
  8.0970000e-001  1.4694239e+002 -3.6244389e+002  3.6049455e+002  2.5267733e+001 -2.2407679e+002  3.7759987e-003
  8.1130000e-001  1.4700212e+002 -3.6690856e+002  3.6349625e+002  3.3530686e+001 -2.3239472e+002  3.9044784e-003
  8.1290000e-001  1.4691220e+002 -3.7123829e+002  3.6688344e+002  4.1815370e+001 -2.4125671e+002  4.0391603e-003
  8.1450000e-001  1.4666398e+002 -3.7541748e+002  3.7064289e+002  5.0177213e+001 -2.5072376e+002  4.1817837e-003
  8.1610000e-001  1.4624326e+002 -3.7941841e+002  3.7474928e+002  5.8683559e+001 -2.6086399e+002  4.3344482e-003
  8.1770000e-001  1.4562937e+002 -3.8319888e+002  3.7916244e+002  6.7415315e+001 -2.7175299e+002  4.4996968e-003
  8.1940000e-001  1.4473377e+002 -3.8690701e+002  3.8412168e+002  7.7048020e+001 -2.8423616e+002  4.6925264e-003
  8.2100000e-001  1.4362257e+002 -3.9002093e+002  3.8895693e+002  8.6569604e+001 -2.9694073e+002  4.8942304e-003
  8.2260000e-001  1.4220247e+002 -3.9266089e+002  3.9384097e+002  9.6672163e+001 -3.1067240e+002  5.1202538e-003
  8.2420000e-001  1.4041359e+002 -3.9468899e+002  3.9862568e+002  1.0751683e+002 -3.2553587e+002  5.3762467e-003
  8.2580000e-001  1.3818233e+002 -3.9593109e+002  4.0311815e+002  1.1929281e+002 -3.4164032e+002  5.6691072e-003
  8.2740000e-001  1.3541948e+002 -3.9617027e+002  4.0707016e+002  1.3222132e+002 -3.5909669e+002  6.0072618e-003
  8.2900000e-001  1.3201843e+002 -3.9513976e+002  4.1016593e+002  1.4655957e+002 -3.7801315e+002  6.4010045e-003
  8.3060000e-001  1.2785372e+002 -3.9251572e+002  4.1200815e+002  1.6260428e+002 -3.9848863e+002  6.8629041e-003
  8.3230000e-001  1.2242923e+002 -3.8754693e+002  4.1203752e+002  1.8190115e+002 -4.2204123e+002  7.4455469e-003
  8.3390000e-001  1.1620923e+002 -3.8033526e+002  4.0960854e+002  2.0258237e+002 -4.4594944e+002  8.1001218e-003
  8.3550000e-001  1.0872212e+002 -3.7012451e+002  4.0404390e+002  2.2613691e+002 -4.7154146e+002  8.8809138e-003
  8.3710000e-001  9.9773339e+001 -3.5631857e+002  3.9446810e+002  2.5301573e+002 -4.9873745e+002  9.8153589e-003
  8.3870000e-001  8.9165703e+001 -3.3827027e+002  3.7987054e+002  2.8368062e+002 -5.2735324e+002  1.0936138e-002
  8.4030000e-001  7.6713619e+001 -3.1530866e+002  3.5912093e+002  3.1857442e+002 -5.5706504e+002  1.2281683e-002
  8.4190000e-001  6.2263217e+001 -2.8678331e+002  3.3100710e+002  3.5807681e+002 -5.8736985e+002  1.3896395e-002
  8.4350000e-001  4.5718464e+001 -2.5212831e+002  2.9430260e+002  4.0244334e+002 -6.1754554e+002  1.5830363e-002
  8.4520000e-001  2.5838585e+001 -2.0815031e+002  2.4462297e+002  4.5496853e+002 -6.4837030e+002  1.8296222e-002
  8.4680000e-001  5.0862363e+000 -1.5989546e+002  1.8686986e+002  5.0921344e+002 -6.7489667e+002  2.1063859e-002
  8.4840000e-001 -1.7371777e+001 -1.0524424e+002  1.1796254e+002  5.6747400e+002 -6.9746225e+002  2.4321209e-002
  8.5000000e-001 -4.1101266e+001 -4.4910015e+001  3.8019508e+001  6.2865351e+002 -7.1433701e+002  2.8115963e-002
  8.5160000e-001 -6.5513005e+001  1.9903804e+001 -5.2091143e+001  6.9116968e+002 -7.2368814e+002  3.2480722e-002
  8.5320000e-001 -8.9898316e+001  8.7534209e+001 -1.5066086e+002  7.5298919e+002 -7.2373645e+002  3.7424074e-002
  8.5480000e-001 -1.1349222e+002  1.5596919e+002 -2.5515431e+002  8.1174307e+002 -7.1295428e+002  4.2921374e-002
  8.5650000e-001 -1.3686901e+002  2.2712790e+002 -3.6905772e+002  8.6800551e+002 -6.8845477e+002  4.9294932e-002
  8.5810000e-001 -1.5662487e+002  2.9041996e+002 -4.7512742e+002  9.1265040e+002 -6.5272344e+002  5.5676507e-002
  8.5970000e-001 -1.7376214e+002  3.4829877e+002 -5.7630475e+002  9.4722571e+002 -6.0514562e+002  6.2269212e-002
  8.6130000e-001 -1.8807888e+002  3.9943993e+002 -6.6918694e+002  9.7041664e+002 -5.4700172e+002  6.8880618e-002
  8.6290000e-001 -1.9960180e+002  4.4308805e+002 -7.5100397e+002  9.8171654e+002 -4.8032712e+002  7.5299290e-002
  8.6450000e-001 -2.0855517e+002  4.7905929e+002 -8.1983814e+002  9.8147151e+002 -4.0772683e+002  8.1315631e-002
  8.6610000e-001 -2.1530844e+002  5.0766867e+002 -8.7471610e+002  9.7080660e+002 -3.3211268e+002  8.6744221e-002
  8.6770000e-001 -2.2031702e+002  5.2961053e+002 -9.1557432e+002  9.5145295e+002 -2.5640878e+002  9.1443448e-002
  8.6940000e-001 -2.2427176e+002  5.4666913e+002 -9.4442842e+002  9.2372532e+002 -1.7884311e+002  9.5543709e-002
  8.7100000e-001 -2.2720811e+002  5.5794620e+002 -9.5924238e+002  8.9322785e+002 -1.1081910e+002  9.8540723e-002
  8.7260000e-001 -2.2982744e+002  5.6566946e+002 -9.6374721e+002  8.6061885e+002 -4.9200235e+001  1.0074071e-001
  8.7420000e-001 -2.3251041e+002  5.7081944e+002 -9.5967567e+002  8.2771872e+002  5.1248203e+000  1.0223014e-001
  8.7580000e-001 -2.3557734e+002  5.7424610e+002 -9.4867281e+002  7.9594556e+002  5.1875020e+001  1.0312901e-001
  8.7740000e-001 -2.3928739e+002  5.7663419e+002 -9.3214713e+002  7.6625616e+002  9.1290657e+001  1.0357618e-001
  8.7900000e-001 -2.4383926e+002  5.7848063e+002 -9.1116288e+002  7.3912642e+002  1.2402654e+002  1.0371594e-001
  8.8060000e-001 -2.4937056e+002  5.8007731e+002 -8.8636610e+002  7.1455352e+002  1.5104671e+002  1.0368698e-001
  8.8230000e-001 -2.5640000e+002  5.8157313e+002 -8.5603256e+002  6.9070840e+002  1.7481957e+002  1.0361023e-001
  8.8390000e-001 -2.6409388e+002  5.8259785e+002 -8.2337247e+002  6.6938952e+002  1.9395708e+002  1.0360294e-001
  8.8550000e-001 -2.7272931e+002  5.8277742e+002 -7.8583448e+002  6.4769226e+002  2.1142608e+002  1.0373586e-001
  8.8710000e-001 -2.8208391e+002  5.8133511e+002 -7.4200825e+002  6.2368877e+002  2.2873073e+002  1.0405179e-001
  8.8870000e-001 -2.9178526e+002  5.7715874e+002 -6.8998581e+002  5.9497701e+002  2.4739797e+002  1.0455506e-001
  8.9030000e-001 -3.0127945e+002  5.6879613e+002 -6.2745674e+002  5.5873719e+002  2.6891865e+002  1.0520510e-001
  8.9190000e-001 -3.0980941e+002  5.5449991e+002 -5.5190793e+002  5.1188009e+002  2.9465119e+002  1.0591070e-001
  8.9350000e-001 -3.1641929e+002  5.3235513e+002 -4.6096784e+002  4.5133495e+002  3.2567448e+002  1.0652768e-001
  8.9520000e-001 -3.2010343e+002  4.9817199e+002 -3.4556974e+002  3.6912053e+002  3.6509712e+002  1.0687053e-001
  8.9680000e-001 -3.1923755e+002  4.5450799e+002 -2.1886221e+002  2.7335714e+002  4.0816174e+002  1.0666326e-001
  8.9840000e-001 -3.1318097e+002  3.9917986e+002 -7.6138085e+001  1.6004343e+002  4.5599712e+002  1.0571455e-001
  9.0000000e-001 -3.0135378e+002  3.3293366e+002  7.8858326e+001  3.1633555e+001  5.0671686e+002  1.0384586e-001
  9.0160000e-001 -2.8374925e+002  2.5789856e+002  2.4035029e+002 -1.0728911e+002  5.5775090e+002  1.0096597e-001
  9.0320000e-001 -2.6101080e+002  1.7738643e+002  4.0129588e+002 -2.5060617e+002  6.0626229e+002  9.7099522e-002
  9.0480000e-001 -2.3435050e+002  9.5356545e+001  5.5457863e+002 -3.9172079e+002  6.4967632e+002  9.2388802e-002
  9.0650000e-001 -2.0347137e+002  1.0886976e+001  7.0241469e+002 -5.3268114e+002  6.8817487e+002  8.6719590e-002
  9.0810000e-001 -1.7370545e+002 -6.2752667e+001  8.2334974e+002 -6.5248561e+002  7.1636882e+002  8.1050082e-002
  9.0970000e-001 -1.4469842e+002 -1.2860974e+002  9.2508649e+002 -7.5764945e+002  7.3695734e+002  7.5332778e-002
  9.1130000e-001 -1.1750438e+002 -1.8579889e+002  1.0081783e+003 -8.4800205e+002  7.5091769e+002  6.9794553e-002
  9.1290000e-001 -9.2785741e+001 -2.3440497e+002  1.0746264e+003 -9.2483972e+002  7.5970750e+002  6.4601747e-002
  9.1450000e-001 -7.0856646e+001 -2.7518773e+002  1.1272396e+003 -9.9037523e+002  7.6498855e+002  5.9858856e-002
  9.1610000e-001 -5.1767567e+001 -3.0928102e+002  1.1690998e+003 -1.0472527e+003  7.6842558e+002  5.5617464e-002
  9.1770000e-001 -3.5397827e+001 -3.3794694e+002  1.2031974e+003 -1.0982019e+003  7.7157280e+002  5.1889397e-002
  9.1940000e-001 -2.0748402e+001 -3.6381666e+002  1.2339273e+003 -1.1487603e+003  7.7616720e+002  4.8474009e-002
  9.2100000e-001 -9.2933406e+000 -3.8495775e+002  1.2600938e+003 -1.1955115e+003  7.8299710e+002  4.5741093e-002
  9.2260000e-001  1.1962894e-001 -4.0383299e+002  1.2855165e+003 -1.2436870e+003  7.9344791e+002  4.3437195e-002
  9.2420000e-001  7.6491289e+000 -4.2098971e+002  1.3116813e+003 -1.2952811e+003  8.0865074e+002  4.1524634e-002
  9.2580000e-001  1.3368880e+001 -4.3664575e+002  1.3396668e+003 -1.3521290e+003  8.2976622e+002  3.9969774e-002
  9.2740000e-001  1.7238219e+001 -4.5060835e+002  1.3700853e+003 -1.4159127e+003  8.5804664e+002  3.8746788e-002
  9.2900000e-001  1.9065699e+001 -4.6214055e+002  1.4029309e+003 -1.4881056e+003  8.9488789e+002  3.7841656e-002
  9.3060000e-001  1.8460171e+001 -4.6974468e+002  1.4372768e+003 -1.5698047e+003  9.4185491e+002  3.7257479e-002
  9.3230000e-001  1.4411257e+001 -4.7059281e+002  1.4727085e+003 -1.6673982e+003  1.0047531e+003  3.7020580e-002
  9.3390000e-001  6.3286510e+000 -4.6012095e+002  1.4999720e+003 -1.7681781e+003  1.0779321e+003  3.7229280e-002
  9.3550000e-001 -7.3661719e+000 -4.3207085e+002  1.5125188e+003 -1.8735864e+003  1.1658791e+003  3.7982654e-002
  9.3710000e-001 -2.8540428e+001 -3.7702478e+002  1.4960792e+003 -1.9748849e+003  1.2683947e+003  3.9484348e-002
  9.3870000e-001 -5.9257836e+001 -2.8263925e+002  1.4291796e+003 -2.0560382e+003  1.3823263e+003  4.2037841e-002
  9.4030000e-001 -1.0107165e+002 -1.3531889e+002  1.2834093e+003 -2.0916544e+003  1.4993198e+003  4.6042319e-002
  9.4190000e-001 -1.5358044e+002  7.4620468e+001  1.0290503e+003 -2.0483969e+003  1.6037795e+003  5.1919079e-002
  9.4350000e-001 -2.1248032e+002  3.4359864e+002  6.4959060e+002 -1.8944713e+003  1.6735302e+003  5.9920494e-002
  9.4520000e-001 -2.7170704e+002  6.6440241e+002  1.2923529e+002 -1.5976377e+003  1.6850035e+003  7.0521903e-002
  9.4680000e-001 -3.1181225e+002  9.4907037e+002 -4.0590296e+002 -1.2223734e+003  1.6267146e+003  8.1615939e-002
  9.4840000e-001 -3.2776544e+002  1.1665792e+003 -8.9846819e+002 -8.1773936e+002  1.5126932e+003  9.2570401e-002
  9.5000000e-001 -3.1825974e+002  1.2899618e+003 -1.2815521e+003 -4.5008920e+002  1.3695731e+003  1.0234732e-001
  9.5160000e-001 -2.8859454e+002  1.3217699e+003 -1.5313904e+003 -1.6030692e+002  1.2252488e+003  1.1045556e-001
  9.5320000e-001 -2.4644254e+002  1.2830769e+003 -1.6615782e+003  4.2731505e+001  1.0984056e+003  1.1694170e-001
  9.5480000e-001 -1.9829269e+002  1.1985601e+003 -1.7023010e+003  1.7083994e+002  9.9681592e+002  1.2214831e-001
  9.5650000e-001 -1.4509498e+002  1.0804991e+003 -1.6811242e+003  2.4576502e+002  9.1685259e+002  1.2673816e-001
  9.5810000e-001 -9.5222192e+001  9.5624668e+002 -1.6245137e+003  2.7677026e+002  8.6460581e+002  1.3055147e-001
  9.5970000e-001 -4.6368004e+001  8.2690447e+002 -1.5476738e+003  2.8254522e+002  8.3062841e+002  1.3416128e-001
  9.6130000e-001  1.1471688e+000  6.9680540e+002 -1.4598711e+003  2.7168193e+002  8.1134287e+002  1.3778210e-001
  9.6290000e-001  4.7074434e+001  5.6878524e+002 -1.3668964e+003  2.4972118e+002  8.0390489e+002  1.4158522e-001
  9.6450000e-001  9.1066423e+001  4.4510597e+002 -1.2727044e+003  2.2030472e+002  8.0618047e+002  1.4571990e-001
  9.6610000e-001  1.3266484e+002  3.2784228e+002 -1.1804306e+003  1.8607208e+002  8.1659835e+002  1.5032941e-001
  9.6770000e-001  1.7137445e+002  2.1892165e+002 -1.0929036e+003  1.4925180e+002  8.3398603e+002  1.5556157e-001
  9.6940000e-001  2.0886027e+002  1.1417322e+002 -1.0081201e+003  1.0969802e+002  8.5907626e+002  1.6198046e-001
  9.7100000e-001  2.4043005e+002  2.7175421e+001 -9.3873428e+002  7.4395296e+001  8.8810622e+002  1.6901201e-001
  9.7260000e-001  2.6834353e+002 -4.7940675e+001 -8.8181416e+002  4.3327103e+001  9.2164485e+002  1.7719307e-001
  9.7420000e-001  2.9276333e+002 -1.1112356e+002 -8.3940360e+002  1.8926774e+001  9.5890721e+002  1.8672055e-001
  9.7580000e-001  3.1404020e+002 -1.6282669e+002 -8.1327180e+002  3.7670828e+000  9.9893406e+002  1.9779883e-001
  9.7740000e-001  3.3266597e+002 -2.0389392e+002 -8.0496359e+002  6.3654311e-001  1.0404365e+003  2.1063290e-001
  9.7900000e-001  3.4922183e+002 -2.3543285e+002 -8.1587311e+002  1.2670064e+001  1.0815833e+003  2.2541608e-001
  9.8060000e-001  3.6433257e+002 -2.5870738e+002 -8.4730049e+002  4.3521415e+001  1.1197137e+003  2.4230867e-001
  9.8230000e-001  3.7951276e+002 -2.7589573e+002 -9.0450831e+002  1.0180543e+002  1.1525755e+003  2.6266861e-001
  9.8390000e-001  3.9362793e+002 -2.8648146e+002 -9.8175877e+002  1.8615720e+002  1.1704381e+003  2.8405868e-001
  9.8550000e-001  4.0817981e+002 -2.9323131e+002 -1.0820567e+003  3.0527749e+002  1.1677397e+003  3.0734734e-001
  9.8710000e-001  4.2372680e+002 -2.9793222e+002 -1.2045087e+003  4.6567209e+002  1.1342597e+003  3.3194546e-001
  9.8870000e-001  4.4079551e+002 -3.0276100e+002 -1.3460607e+003  6.7339403e+002  1.0574439e+003  3.5680608e-001
  9.9030000e-001  4.5988745e+002 -3.1046481e+002 -1.5003245e+003  9.3236650e+002  9.2343206e+002  3.8032094e-001
  9.9190000e-001  4.8149388e+002 -3.2449863e+002 -1.6564910e+003  1.2419072e+003  7.1949382e+002  4.0032092e-001
  9.9350000e-001  5.0611802e+002 -3.4901571e+002 -1.7989801e+003  1.5939422e+003  4.3803210e+002  4.1428577e-001
  9.9520000e-001  5.3618413e+002 -3.9167941e+002 -1.9139857e+003  1.9950368e+003  5.6816762e+001  4.1985997e-001
  9.9680000e-001  5.6872698e+002 -4.5214258e+002 -1.9676841e+003  2.3708285e+003 -3.6257372e+002  4.1480956e-001
  9.9840000e-001  6.0585154e+002 -5.3593596e+002 -1.9535257e+003  2.7150145e+003 -8.1189290e+002  3.9978190e-001
  1.0000000e+000  6.4774360e+002 -6.4516918e+002 -1.8654200e+003  3.0021240e+003 -1.2569734e+003  3.7645216e-001
