No	TIME	Acc1_Relative@RevJoint1	Acc1_Relative@RevJoint2	Acc1_Relative@RevJoint3	Acc1_Relative@RevJoint4	Acc1_Relative@RevJoint5	Acc1_Relative@RevJoint6	Driving_Torque@RevJoint6
1         	     0.00000000	     -169.77064	      199.03262	     0.92224632	     -29.871067	    -0.25571098	     0.00000000	 -0.00067805483
2         	   0.0016010000	     -169.76969	      199.03116	     0.92247673	     -29.870843	    -0.25567100	     0.00000000	 -0.00067770568
3         	   0.0032330000	     -169.75972	      199.01601	     0.92254841	     -29.865865	    -0.25555684	     0.00000000	 -0.00067701148
4         	   0.0048370000	     -169.72074	      198.95679	     0.92212268	     -29.845553	    -0.25522391	     0.00000000	 -0.00067546066
5         	   0.0065370000	     -169.61018	      198.78877	     0.92051914	     -29.787426	    -0.25436678	     0.00000000	 -0.00067201565
6         	   0.0081370000	     -169.39204	      198.45721	     0.91713033	     -29.672428	    -0.25274659	     0.00000000	 -0.00066603427
7         	   0.0097370000	     -169.00279	      197.86553	     0.91093828	     -29.467009	    -0.24992247	     0.00000000	 -0.00065615721
8         	    0.011337000	     -168.37151	      196.90591	     0.90079467	     -29.133685	    -0.24541104	     0.00000000	 -0.00064097207
9         	    0.012937000	     -167.41739	      195.45548	     0.88539261	     -28.629742	    -0.23866502	     0.00000000	 -0.00061890635
10        	    0.014537000	     -166.05234	      193.38023	     0.86330757	     -27.908579	    -0.22909140	     0.00000000	 -0.00058828104
11        	    0.016137000	     -164.18459	      190.54060	     0.83305636	     -26.921635	    -0.21607759	     0.00000000	 -0.00054738634
12        	    0.017737000	     -161.72367	      186.79889	     0.79317549	     -25.620957	    -0.19902594	     0.00000000	 -0.00049458068
13        	    0.019437000	     -158.36625	      181.69367	     0.73874837	     -23.845963	    -0.17588204	     0.00000000	 -0.00042380471
14        	    0.021037000	     -154.43540	      175.71589	     0.67500959	     -21.767123	    -0.14891613	     0.00000000	 -0.00034221021
15        	    0.022637000	     -149.70992	      168.52878	     0.59836510	     -19.267034	    -0.11664938	     0.00000000	 -0.00024543537
16        	    0.024237000	     -144.17268	      160.10573	     0.50852205	     -16.336023	   -0.079020467	     0.00000000	 -0.00013344314
17        	    0.025837000	     -137.84031	      150.47134	     0.40572729	     -12.982105	   -0.036207406	     0.00000000	-6.8802138e-006
18        	    0.027437000	     -130.76578	      139.70536	     0.29080906	     -9.2323736	    0.011356528	     0.00000000	  0.00013288724
19        	    0.029037000	     -123.03773	      127.94166	     0.16516674	     -5.1326647	    0.062990282	     0.00000000	  0.00028380454
20        	    0.030637000	     -114.77615	      115.36179	    0.030703882	    -0.74537237	     0.11779758	     0.00000000	  0.00044322949
21        	    0.032337000	     -105.57487	      101.34560	    -0.11926269	      4.1471273	     0.17832433	     0.00000000	  0.00061850608
22        	    0.033937000	     -96.682933	      87.794485	    -0.26443376	      8.8821317	     0.23624256	     0.00000000	  0.00078555107
23        	    0.035537000	     -87.730435	      74.144151	    -0.41088182	      13.657312	     0.29390481	     0.00000000	  0.00095126526
24        	    0.037137000	     -78.870433	      60.627016	    -0.55615254	      18.392161	     0.35022299	     0.00000000	   0.0011125907
25        	    0.038737000	     -70.239339	      47.450472	    -0.69805029	      23.014666	     0.40423641	     0.00000000	   0.0012668555
26        	    0.040337000	     -61.950724	      34.787470	    -0.83473731	      27.464573	     0.45515371	     0.00000000	   0.0014118863
27        	    0.041937000	     -54.091966	      22.771408	    -0.96478797	      31.695168	     0.50237438	     0.00000000	   0.0015460621
28        	    0.043537000	     -46.723569	      11.495066	     -1.0872007	      35.673674	     0.54549117	     0.00000000	   0.0016683148
29        	    0.045237000	     -39.470853	     0.38474680	     -1.2082300	      39.602903	     0.58655506	     0.00000000	   0.0017845277
30        	    0.046837000	     -33.199854	     -9.2318147	     -1.3133891	      43.012577	     0.62066621	     0.00000000	   0.0018809190
31        	    0.048437000	     -27.460576	     -18.042293	     -1.4101230	      46.144680	     0.65044205	     0.00000000	   0.0019649753
32        	    0.050037000	     -22.232244	     -26.076951	     -1.4987204	      49.008802	     0.67604335	     0.00000000	   0.0020372164
33        	    0.051637000	     -17.483961	     -33.381412	     -1.5796322	      51.619853	     0.69769784	     0.00000000	   0.0020983427
34        	    0.053237000	     -13.178211	     -40.011365	     -1.6534167	      53.996246	     0.71567500	     0.00000000	   0.0021491637
35        	    0.054837000	     -9.2737691	     -46.028158	     -1.7206933	      56.158378	     0.73026530	     0.00000000	   0.0021905405
36        	    0.056537000	     -5.5173016	     -51.820257	     -1.7857654	      58.244590	     0.74238686	     0.00000000	   0.0022251259
37        	    0.058137000	     -2.3062485	     -56.772580	     -1.8416527	      60.031602	     0.75091620	     0.00000000	   0.0022497340
38        	    0.059737000	     0.63180592	     -61.303010	     -1.8929783	      61.668217	     0.75693114	     0.00000000	   0.0022674467
39        	    0.061337000	      3.3352608	     -65.468782	     -1.9403276	      63.173555	     0.76068209	     0.00000000	   0.0022789893
40        	    0.062937000	      5.8397568	     -69.322984	     -1.9842447	      64.565338	     0.76239549	     0.00000000	   0.0022850167
41        	    0.064537000	      8.1779822	     -72.914263	     -2.0252295	      65.859782	     0.76227257	     0.00000000	   0.0022861101
42        	    0.066137000	      10.379653	     -76.286787	     -2.0637372	      67.071584	     0.76048936	     0.00000000	   0.0022827782
43        	    0.067737000	      12.471614	     -79.480398	     -2.1001800	      68.213973	     0.75719739	     0.00000000	   0.0022754596
44        	    0.069437000	      14.601061	     -82.717499	     -2.1370529	      69.364927	     0.75218950	     0.00000000	   0.0022637306
45        	    0.071037000	      16.540255	     -85.650943	     -2.1703708	      70.400162	     0.74616662	     0.00000000	   0.0022492976
46        	    0.072637000	      18.436165	     -88.503697	     -2.2026517	      71.398421	     0.73896093	     0.00000000	   0.0022318304
47        	    0.074237000	      20.306147	     -91.301304	     -2.2341683	      72.368085	     0.73063905	     0.00000000	   0.0022115286
48        	    0.075837000	      22.165844	     -94.066727	     -2.2651688	      73.316663	     0.72125047	     0.00000000	   0.0021885446
49        	    0.077437000	      24.029417	     -96.820703	     -2.2958810	      74.250921	     0.71082887	     0.00000000	   0.0021629872
50        	    0.079037000	      25.909769	     -99.582078	     -2.3265163	      75.176993	     0.69939322	     0.00000000	   0.0021349253
51        	    0.080637000	      27.818748	     -102.36812	     -2.3572725	      76.100495	     0.68694872	     0.00000000	   0.0021043908
52        	    0.082337000	      29.890697	     -105.37321	     -2.3902943	      77.084720	     0.67261211	     0.00000000	   0.0020692348
53        	    0.083937000	      31.892637	     -108.25947	     -2.4218867	      78.018978	     0.65804779	     0.00000000	   0.0020335528
54        	    0.085537000	      33.954842	     -111.21639	     -2.4541581	      78.965665	     0.64241100	     0.00000000	   0.0019952841
55        	    0.087137000	      36.086685	     -114.25759	     -2.4872847	      79.929265	     0.62565595	     0.00000000	   0.0019543261
56        	    0.088737000	      38.297312	     -117.39639	     -2.5214446	      80.914196	     0.60772452	     0.00000000	   0.0019105447
57        	    0.090337000	      40.595778	     -120.64600	     -2.5568203	      81.924889	     0.58854577	     0.00000000	   0.0018637728
58        	    0.091937000	      42.991183	     -124.01974	     -2.5936012	      82.965858	     0.56803538	     0.00000000	   0.0018138098
59        	    0.093537000	      45.492799	     -127.53123	     -2.6319863	      84.041785	     0.54609472	     0.00000000	   0.0017604187
60        	    0.095237000	      48.277838	     -131.42893	     -2.6747649	      85.228756	     0.52108747	     0.00000000	   0.0016996250
61        	    0.096837000	      51.029255	     -135.27003	     -2.7171442	      86.392679	     0.49581721	     0.00000000	   0.0016382458
62        	    0.098437000	      53.917770	     -139.29473	     -2.7618279	      87.607735	     0.46871102	     0.00000000	   0.0015724552
63        	     0.10003700	      56.954783	     -143.52013	     -2.8090848	      88.880106	     0.43959587	     0.00000000	   0.0015018317
64        	     0.10163700	      60.152621	     -147.96482	     -2.8592102	      90.216586	     0.40827423	     0.00000000	   0.0014258934
65        	     0.10323700	      63.524726	     -152.64914	     -2.9125295	      91.624692	     0.37452043	     0.00000000	   0.0013440886
66        	     0.10483700	      67.085875	     -157.59556	     -2.9694036	      93.112799	     0.33807621	     0.00000000	   0.0012557857
67        	     0.10653700	      71.095087	     -163.16632	     -3.0341781	      94.792093	     0.29607432	     0.00000000	   0.0011540311
68        	     0.10813700	      75.099916	     -168.73548	     -3.0997068	      96.476150	     0.25309531	     0.00000000	   0.0010499117
69        	     0.10973700	      79.350189	     -174.65310	     -3.1701800	      98.272892	     0.20636833	     0.00000000	  0.00093670276
70        	     0.11133700	      83.869134	     -180.95494	     -3.2461715	      100.19599	     0.15543237	     0.00000000	  0.00081327338
71        	     0.11293700	      88.683088	     -187.68161	     -3.3283303	      102.26106	    0.099750076	     0.00000000	  0.00067830429
72        	     0.11453700	      93.822063	     -194.87947	     -3.4173944	      104.48595	    0.038691884	     0.00000000	  0.00053024886
73        	     0.11613700	      99.320431	     -202.60165	     -3.5142057	      106.89122	   -0.028483895	     0.00000000	  0.00036728376
74        	     0.11773700	      105.21774	     -210.90937	     -3.6197290	      109.50058	    -0.10265630	     0.00000000	  0.00018724646
75        	     0.11943700	      111.97200	     -220.45724	     -3.7426373	      112.52747	    -0.19030714	     0.00000000	-2.5645872e-005
76        	     0.12103700	      118.84483	     -230.20908	     -3.8698285	      115.64968	    -0.28245800	     0.00000000	 -0.00024963238
77        	     0.12263700	      126.28166	     -240.80207	     -4.0097145	      119.07547	    -0.38554189	     0.00000000	 -0.00050039189
78        	     0.12423700	      134.35592	     -252.34999	     -4.1640495	      122.84927	    -0.50143955	     0.00000000	 -0.00078256705
79        	     0.12583700	      143.15421	     -264.98692	     -4.3348900	      127.02354	    -0.63246415	     0.00000000	  -0.0011018735
80        	     0.12743700	      152.77905	     -278.87164	     -4.5246594	      131.66054	    -0.78148599	     0.00000000	  -0.0014654109
81        	     0.12903700	      163.35247	     -294.19308	     -4.7362275	      136.83452	    -0.95210050	     0.00000000	  -0.0018820820
82        	     0.13063700	      175.02037	     -311.17703	     -4.9730097	      142.63450	     -1.1488572	     0.00000000	  -0.0023631650
83        	     0.13233700	      188.81326	     -331.34827	     -5.2568013	      149.60327	     -1.3930920	     0.00000000	  -0.0029611161
84        	     0.13393700	      203.33203	     -352.67970	     -5.5594122	      157.05858	     -1.6640682	     0.00000000	  -0.0036254615
85        	     0.13553700	      219.60432	     -376.69362	     -5.9025561	      165.54602	     -1.9851118	     0.00000000	  -0.0044136913
86        	     0.13713700	      237.94265	     -403.87397	     -6.2934728	      175.26086	     -2.3695563	     0.00000000	  -0.0053590312
87        	     0.13873700	      258.72476	     -434.80603	     -6.7409169	      186.44183	     -2.8353678	     0.00000000	  -0.0065063150
88        	     0.14033700	      282.40445	     -470.19395	     -7.2554358	      199.38041	     -3.4071189	     0.00000000	  -0.0079169549
89        	     0.14193700	      309.51935	     -510.87373	     -7.8496059	      214.43010	     -4.1189481	     0.00000000	  -0.0096764048
90        	     0.14353700	      340.68812	     -557.81106	     -8.5380835	      232.01255	     -5.0190523	     0.00000000	   -0.011905510
91        	     0.14523700	      378.99535	     -615.71562	     -9.3911345	      254.01277	     -6.2595451	     0.00000000	   -0.014984058
92        	     0.14683700	      420.58742	     -678.82093	     -10.325348	      278.38555	     -7.8018230	     0.00000000	   -0.018820010
93        	     0.14843700	      467.87590	     -750.84357	     -11.398236	      306.76191	     -9.8617003	     0.00000000	   -0.023954943
94        	     0.15003700	      520.29645	     -831.03733	     -12.604370	      339.23310	     -12.663692	     0.00000000	   -0.030956521
95        	     0.15163700	      575.16562	     -915.49275	     -13.896996	      374.93233	     -16.535481	     0.00000000	   -0.040655688
96        	     0.15323700	      625.17751	     -993.35981	     -15.137058	      410.74013	     -21.932834	     0.00000000	   -0.054212744
97        	     0.15483700	      653.95736	     -1040.1124	     -16.001226	      438.86450	     -29.409501	     0.00000000	   -0.073046774
98        	     0.15653700	      626.12128	     -1002.7540	     -15.797073	      442.39980	     -40.100939	     0.00000000	    -0.10006826
99        	     0.15813700	      496.29876	     -812.02550	     -13.542178	      394.37662	     -52.327324	     0.00000000	    -0.13109085
100       	     0.15973700	      229.84266	     -415.02534	     -8.4934871	      273.57582	     -64.307519	     0.00000000	    -0.16165371
101       	     0.16133700	     -141.36961	      141.45767	     -1.2026421	      90.270906	     -71.854478	     0.00000000	    -0.18113852
102       	     0.16293700	     -503.24688	      686.06827	      6.0869578	     -99.852598	     -71.863055	     0.00000000	    -0.18156572
103       	     0.16453700	     -748.70063	      1056.8107	      11.191148	     -238.43592	     -65.328131	     0.00000000	    -0.16532773
104       	     0.16613700	     -857.86330	      1222.7197	      13.637998	     -309.38454	     -55.888829	     0.00000000	    -0.14160013
105       	     0.16773700	     -872.09572	      1245.5125	      14.203301	     -330.09522	     -46.563238	     0.00000000	    -0.11805686
106       	     0.16943700	     -835.63613	      1191.7686	      13.769189	     -322.68310	     -38.254682	     0.00000000	   -0.097029621
107       	     0.17103700	     -784.53984	      1115.7435	      13.020236	     -304.55435	     -32.162952	     0.00000000	   -0.081587715
108       	     0.17263700	     -732.53238	      1038.2955	      12.253202	     -284.09203	     -27.523711	     0.00000000	   -0.069814096
109       	     0.17423700	     -685.84446	      968.89141	      11.598703	     -265.04065	     -24.034498	     0.00000000	   -0.060950476
110       	     0.17583700	     -646.50866	      910.64485	      11.103224	     -248.85822	     -21.429730	     0.00000000	   -0.054327416
111       	     0.17743700	     -614.74099	      863.91061	      10.776582	     -235.94691	     -19.505403	     0.00000000	   -0.049429234
112       	     0.17903700	     -590.08578	      828.01670	      10.615056	     -226.26996	     -18.113916	     0.00000000	   -0.045882070
113       	     0.18063700	     -571.93043	      802.04488	      10.612029	     -219.64265	     -17.152550	     0.00000000	   -0.043425245
114       	     0.18233700	     -559.14890	      784.39495	      10.777239	     -215.71843	     -16.526559	     0.00000000	   -0.041816615
115       	     0.18393700	     -552.82887	      776.50868	      11.090713	     -214.79293	     -16.266913	     0.00000000	   -0.041136263
116       	     0.18553700	     -551.83302	      776.75080	      11.562405	     -216.45939	     -16.308453	     0.00000000	   -0.041216497
117       	     0.18713700	     -556.15635	      785.09631	      12.203755	     -220.70654	     -16.653765	     0.00000000	   -0.042062151
118       	     0.18873700	     -566.00858	      801.83737	      13.033973	     -227.60779	     -17.326226	     0.00000000	   -0.043730119
119       	     0.19033700	     -581.83522	      827.61298	      14.081968	     -237.32776	     -18.373299	     0.00000000	   -0.046337324
120       	     0.19193700	     -604.34778	      863.45096	      15.389184	     -250.12865	     -19.873285	     0.00000000	   -0.050077255
121       	     0.19353700	     -634.56042	      910.81756	      17.013685	     -266.37304	     -21.947029	     0.00000000	   -0.055248680
122       	     0.19523700	     -676.61037	      975.95533	      19.177767	     -287.91150	     -24.984860	     0.00000000	   -0.062820234
123       	     0.19683700	     -727.30785	      1053.7108	      21.743959	     -312.72019	     -28.923696	     0.00000000	   -0.072626998
124       	     0.19843700	     -790.62625	      1149.9831	      24.976751	     -342.27844	     -34.345376	     0.00000000	   -0.086105514
125       	     0.20003700	     -867.83663	      1266.3838	      29.069024	     -376.32090	     -41.903931	     0.00000000	    -0.10485967
126       	     0.20163700	     -957.83166	      1400.7782	      34.237615	     -412.83465	     -52.584162	     0.00000000	    -0.13129335
127       	     0.20323700	     -1052.3939	      1540.0852	      40.632004	     -445.38909	     -67.792921	     0.00000000	    -0.16881548
128       	     0.20483700	     -1125.4634	      1644.0887	      48.041394	     -457.55772	     -89.220391	     0.00000000	    -0.22145859
129       	     0.20653700	     -1108.7334	      1608.1968	      55.555225	     -408.62460	     -119.75971	     0.00000000	    -0.29602532
130       	     0.20813700	     -889.54508	      1264.2897	      58.647078	     -247.37100	     -152.24719	     0.00000000	    -0.37454311
131       	     0.20973700	     -393.15234	      502.91812	      52.979391	      52.420499	     -176.19657	     0.00000000	    -0.43102262
132       	     0.21133700	      253.68421	     -478.93536	      38.091265	      403.09921	     -176.94340	     0.00000000	    -0.43005393
133       	     0.21293700	      765.59181	     -1249.0695	      21.029533	      651.13367	     -154.72536	     0.00000000	    -0.37337981
134       	     0.21453700	      1010.1456	     -1611.2515	      8.5568709	      743.86619	     -124.18478	     0.00000000	    -0.29742472
135       	     0.21613700	      1056.9213	     -1674.0888	      1.7205941	      733.50616	     -96.976364	     0.00000000	    -0.23046566
136       	     0.21773700	      1011.4542	     -1598.3071	     -1.3030314	      681.18641	     -76.488569	     0.00000000	    -0.18036743
137       	     0.21943700	      933.49134	     -1473.9042	     -2.3129576	      617.15291	     -61.255588	     0.00000000	    -0.14327944
138       	     0.22103700	      861.39535	     -1359.4014	     -2.3027240	      562.72666	     -51.421318	     0.00000000	    -0.11939883
139       	     0.22263700	      800.23896	     -1261.8546	     -1.9118616	      517.63482	     -44.617370	     0.00000000	    -0.10289184
140       	     0.22423700	      752.06864	     -1184.2249	     -1.4004043	      481.94432	     -39.937718	     0.00000000	   -0.091527061
141       	     0.22583700	      716.38270	     -1125.6774	    -0.89374730	      454.72274	     -36.789304	     0.00000000	   -0.083851395
142       	     0.22743700	      692.03160	     -1084.4360	    -0.45370856	      434.94471	     -34.795255	     0.00000000	   -0.078944503
143       	     0.22903700	      677.93833	     -1058.8588	    -0.11361412	      421.79678	     -33.725060	     0.00000000	   -0.076244418
144       	     0.23063700	      673.35287	     -1047.8146	     0.10421479	      414.76384	     -33.451105	     0.00000000	   -0.075439762
145       	     0.23233700	      678.52931	     -1051.4623	     0.17867120	      413.77642	     -33.979393	     0.00000000	   -0.076530753
146       	     0.23393700	      692.99409	     -1069.6032	    0.075231897	      419.10067	     -35.272604	     0.00000000	   -0.079446689
147       	     0.23553700	      717.40133	     -1103.0084	    -0.22967167	      431.00569	     -37.438492	     0.00000000	   -0.084435927
148       	     0.23713700	      752.93283	     -1153.5083	    -0.78042220	      450.41731	     -40.669726	     0.00000000	   -0.091962745
149       	     0.23873700	      801.37627	     -1223.8612	     -1.6366873	      478.75788	     -45.289870	     0.00000000	    -0.10281038
150       	     0.24033700	      865.12790	     -1317.7623	     -2.8757147	      518.03794	     -51.822362	     0.00000000	    -0.11825212
151       	     0.24193700	      946.94363	     -1439.4740	     -4.5886609	      570.87780	     -61.110242	     0.00000000	    -0.14035084
152       	     0.24353700	      1048.8650	     -1592.2136	     -6.8559848	      640.18811	     -74.516198	     0.00000000	    -0.17246599
153       	     0.24523700	      1176.5523	     -1784.7209	     -9.8450508	      733.69923	     -95.733355	     0.00000000	    -0.22369498
154       	     0.24683700	      1296.6157	     -1966.8569	     -12.760189	      835.11104	     -125.77098	     0.00000000	    -0.29689070
155       	     0.24843700	      1356.2193	     -2059.0525	     -14.149321	      922.24371	     -169.54999	     0.00000000	    -0.40478157
156       	     0.25003700	      1211.6036	     -1844.3943	     -9.8521056	      917.83677	     -227.05248	     0.00000000	    -0.54875990
157       	     0.25163700	      663.41435	     -1021.6484	      6.5789988	      693.95129	     -282.05071	     0.00000000	    -0.69055577
158       	     0.25323700	     -245.75483	      345.66157	      35.628530	      226.70807	     -298.08181	     0.00000000	    -0.73924820
159       	     0.25483700	     -1036.6237	      1534.8549	      64.188406	     -245.87239	     -260.14176	     0.00000000	    -0.65271993
160       	     0.25653700	     -1394.6190	      2071.4634	      81.707562	     -520.16862	     -195.67978	     0.00000000	    -0.49581962
161       	     0.25813700	     -1405.5767	      2085.8384	      87.779167	     -593.25461	     -143.36490	     0.00000000	    -0.36548034
162       	     0.25973700	     -1296.8128	      1920.8664	      88.873152	     -583.39613	     -106.20073	     0.00000000	    -0.27151080
163       	     0.26133700	     -1167.2510	      1725.7030	      88.031609	     -547.42620	     -81.210736	     0.00000000	    -0.20758633
164       	     0.26293700	     -1051.4572	      1552.3169	      86.550263	     -508.81259	     -64.452224	     0.00000000	    -0.16430477
165       	     0.26453700	     -957.45716	      1412.6416	      84.893252	     -475.40235	     -53.060430	     0.00000000	    -0.13465560
166       	     0.26613700	     -884.59590	      1305.5500	      83.190997	     -449.06723	     -45.212672	     0.00000000	    -0.11412274
167       	     0.26773700	     -830.12984	      1226.8012	      81.446015	     -429.67509	     -39.787631	     0.00000000	   -0.099912172
168       	     0.26943700	     -789.41743	      1169.5876	      79.489460	     -415.94661	     -35.916969	     0.00000000	   -0.089848043
169       	     0.27103700	     -765.11751	      1137.3869	      77.468985	     -408.81100	     -33.627452	     0.00000000	   -0.084065838
170       	     0.27263700	     -753.10504	      1124.2019	      75.166459	     -406.78814	     -32.416129	     0.00000000	   -0.081319563
171       	     0.27423700	     -752.80180	      1129.1892	      72.435517	     -409.58580	     -32.180321	     0.00000000	   -0.081424077
172       	     0.27583700	     -764.25417	      1152.4917	      69.066014	     -417.08139	     -32.920721	     0.00000000	   -0.084493022
173       	     0.27743700	     -788.05792	      1195.1439	      64.742748	     -429.25933	     -34.741551	     0.00000000	   -0.090957678
174       	     0.27903700	     -825.21646	      1258.8896	      58.975622	     -446.07376	     -37.870899	     0.00000000	    -0.10164716
175       	     0.28063700	     -876.76965	      1345.6740	      50.981123	     -467.13681	     -42.704493	     0.00000000	    -0.11794361
176       	     0.28233700	     -947.34742	      1463.8530	      38.607620	     -492.51072	     -50.422972	     0.00000000	    -0.14385916
177       	     0.28393700	     -1024.7147	      1594.5953	      21.091893	     -514.67761	     -61.145717	     0.00000000	    -0.17984330
178       	     0.28553700	     -1098.2367	      1723.8489	     -5.4877569	     -524.09676	     -76.592075	     0.00000000	    -0.23170453
179       	     0.28713700	     -1129.4581	      1795.0724	     -45.546775	     -496.54496	     -98.105389	     0.00000000	    -0.30394009
180       	     0.28873700	     -1037.5908	      1686.3222	     -102.16905	     -388.16761	     -125.38414	     0.00000000	    -0.39539908
181       	     0.29033700	     -711.77131	      1224.5971	     -168.98924	     -150.57464	     -152.65975	     0.00000000	    -0.48639222
182       	     0.29193700	     -131.23211	      364.26898	     -220.73283	      198.72134	     -166.56968	     0.00000000	    -0.53178434
183       	     0.29353700	      494.70428	     -590.84586	     -227.99490	      522.43786	     -156.65025	     0.00000000	    -0.49671655
184       	     0.29523700	      918.74182	     -1263.2895	     -189.34987	      694.72131	     -127.38494	     0.00000000	    -0.39674102
185       	     0.29683700	      1049.7547	     -1494.6175	     -137.46996	      704.74900	     -97.398933	     0.00000000	    -0.29478910
186       	     0.29843700	      1027.5056	     -1488.1492	     -90.532422	      642.32904	     -73.008723	     0.00000000	    -0.21181916
187       	     0.30003700	      945.50305	     -1383.6220	     -54.286872	      560.72713	     -55.218715	     0.00000000	    -0.15107598
188       	     0.30163700	      851.69824	     -1254.9239	     -27.985029	      483.38803	     -42.662289	     0.00000000	    -0.10792126
189       	     0.30323700	      764.81712	     -1132.1404	     -9.3473078	      417.41472	     -33.790875	     0.00000000	   -0.077148149
190       	     0.30483700	      690.23937	     -1024.8099	      3.7088362	      363.38320	     -27.429589	     0.00000000	   -0.054818535
191       	     0.30653700	      624.70823	     -929.13868	      13.193763	      317.40456	     -22.532498	     0.00000000	   -0.037371947
192       	     0.30813700	      574.41831	     -854.77972	      19.124635	      282.96719	     -19.127241	     0.00000000	   -0.025029034
193       	     0.30973700	      533.39767	     -793.39530	      22.902760	      255.43804	     -16.540355	     0.00000000	   -0.015477602
194       	     0.31133700	      500.06985	     -742.89434	      25.033797	      233.50703	     -14.544620	     0.00000000	  -0.0079642086
195       	     0.31293700	      473.13131	     -701.50631	      25.869513	      216.15789	     -12.984990	     0.00000000	  -0.0019790549
196       	     0.31453700	      451.54983	     -667.80927	      25.656311	      202.61731	     -11.753416	     0.00000000	   0.0028277231
197       	     0.31613700	      434.52886	     -640.69566	      24.566944	      192.30424	     -10.772899	     0.00000000	   0.0066987226
198       	     0.31773700	      421.46743	     -619.32414	      22.721113	      184.78827	     -9.9872440	     0.00000000	   0.0098026779
199       	     0.31943700	      411.43807	     -602.21867	      20.019803	      179.52095	     -9.3190710	     0.00000000	    0.012389445
200       	     0.32103700	      405.30185	     -590.94029	      16.830643	      176.89870	     -8.8129422	     0.00000000	    0.014235005
201       	     0.32263700	      402.17719	     -584.06332	      13.034736	      176.40805	     -8.3993331	     0.00000000	    0.015555917
202       	     0.32423700	      401.97889	     -581.46306	      8.6265283	      177.99109	     -8.0562778	     0.00000000	    0.016372019
203       	     0.32583700	      404.71570	     -583.14563	      3.5746136	      181.65658	     -7.7638518	     0.00000000	    0.016679849
204       	     0.32743700	      410.48846	     -589.24433	     -2.1814584	      187.47956	     -7.5024782	     0.00000000	    0.016452330
205       	     0.32903700	      419.49220	     -600.02080	     -8.7372553	      195.60491	     -7.2511498	     0.00000000	    0.015636089
206       	     0.33063700	      432.02113	     -615.86882	     -16.233268	      206.25422	     -6.9852864	     0.00000000	    0.014146049
207       	     0.33233700	      449.64358	     -638.85748	     -25.453423	      220.68076	     -6.6519916	     0.00000000	    0.011683093
208       	     0.33393700	      470.82032	     -666.97569	     -35.613737	      237.61700	     -6.2460951	     0.00000000	   0.0083451623
209       	     0.33553700	      497.05960	     -702.14427	     -47.623847	      258.33438	     -5.6897407	     0.00000000	   0.0037536080
210       	     0.33713700	      528.99253	     -745.09495	     -62.054896	      283.44325	     -4.8949834	     0.00000000	  -0.0024591381
211       	     0.33873700	      567.12939	     -796.28213	     -79.710698	      313.59653	     -3.7296977	     0.00000000	   -0.010810666
212       	     0.34033700	      611.50061	     -855.30267	     -101.71436	      349.33318	     -1.9918885	     0.00000000	   -0.022024615
213       	     0.34193700	      660.86484	     -919.65816	     -129.59751	      390.68644	     0.62910858	     0.00000000	   -0.037090277
214       	     0.34353700	      711.06533	     -982.25421	     -165.32071	      436.29523	      4.6047295	     0.00000000	   -0.057283433
215       	     0.34523700	      753.75019	     -1028.3392	     -214.23280	      484.19683	      11.076431	     0.00000000	   -0.085932063
216       	     0.34683700	      761.18503	     -1017.5990	     -271.76447	      516.91241	      20.177908	     0.00000000	    -0.12056800
217       	     0.34843700	      699.15681	     -898.44216	     -337.60810	      515.76709	      32.866244	     0.00000000	    -0.16113265
218       	     0.35003700	      523.50208	     -608.73051	     -400.45720	      451.51434	      48.591197	     0.00000000	    -0.20087986
219       	     0.35163700	      219.87400	     -135.56311	     -439.43884	      306.81882	      64.326276	     0.00000000	    -0.22686422
220       	     0.35323700	     -150.27415	      420.04509	     -435.86374	      106.67968	      75.116088	     0.00000000	    -0.22680926
221       	     0.35483700	     -472.85325	      886.18013	     -391.67247	     -85.855601	      77.766757	     0.00000000	    -0.20070595
222       	     0.35653700	     -682.07760	      1170.5285	     -324.12460	     -226.98847	      73.019125	     0.00000000	    -0.15837556
223       	     0.35813700	     -759.13204	      1257.9539	     -262.95595	     -293.56940	      65.129274	     0.00000000	    -0.11844875
224       	     0.35973700	     -762.64945	      1239.5310	     -213.66654	     -315.00950	      56.810430	     0.00000000	   -0.084992122
225       	     0.36133700	     -730.42837	      1172.9081	     -177.09256	     -311.62565	      49.415122	     0.00000000	   -0.059116276
226       	     0.36293700	     -685.58335	      1092.0594	     -150.86259	     -297.12515	      43.323946	     0.00000000	   -0.039738694
227       	     0.36453700	     -639.74705	      1013.3616	     -132.18127	     -279.11208	      38.482919	     0.00000000	   -0.025337017
228       	     0.36613700	     -597.95120	      943.40170	     -118.74630	     -261.35258	      34.701668	     0.00000000	   -0.014585248
229       	     0.36773700	     -561.93577	      884.04820	     -108.86706	     -245.53711	      31.778071	     0.00000000	  -0.0064794770
230       	     0.36943700	     -530.27065	      832.40448	     -100.93841	     -231.58637	      29.418555	     0.00000000	 3.6476683e-005
231       	     0.37103700	     -506.30474	      793.57425	     -95.020592	     -221.31379	      27.758135	     0.00000000	   0.0047265726
232       	     0.37263700	     -487.45081	      763.11678	     -90.001368	     -213.77346	      26.536733	     0.00000000	   0.0083783000
233       	     0.37423700	     -473.17596	      740.02698	     -85.452824	     -208.86350	      25.679244	     0.00000000	    0.011240287
234       	     0.37583700	     -463.02330	      723.46184	     -81.047189	     -206.48409	      25.131674	     0.00000000	    0.013489872
235       	     0.37743700	     -456.63637	      712.76003	     -76.518286	     -206.56852	      24.856966	     0.00000000	    0.015254194
236       	     0.37903700	     -453.76441	      707.43707	     -71.633646	     -209.09921	      24.832143	     0.00000000	    0.016624379
237       	     0.38063700	     -454.26131	      707.17377	     -66.172809	     -214.11789	      25.046649	     0.00000000	    0.017664993
238       	     0.38233700	     -458.43404	      712.25569	     -59.484733	     -222.30099	      25.538448	     0.00000000	    0.018458691
239       	     0.38393700	     -465.85864	      722.06967	     -52.088859	     -232.88862	      26.264466	     0.00000000	    0.018940811
240       	     0.38553700	     -476.85076	      736.89438	     -43.316683	     -246.57030	      27.274617	     0.00000000	    0.019179041
241       	     0.38713700	     -491.69925	      757.00179	     -32.790417	     -263.75447	      28.614873	     0.00000000	    0.019172047
242       	     0.38873700	     -510.81684	      782.80135	     -20.021207	     -284.99646	      30.353800	     0.00000000	    0.018903611
243       	     0.39033700	     -534.74824	      814.82835	     -4.3578613	     -311.03816	      32.590620	     0.00000000	    0.018339758
244       	     0.39193700	     -564.16883	      853.70712	      15.087627	     -342.85921	      35.467480	     0.00000000	    0.017423416
245       	     0.39353700	     -599.85533	      900.05459	      39.549791	     -381.73816	      39.187984	     0.00000000	    0.016065487
246       	     0.39523700	     -645.50539	      957.89824	      72.998811	     -432.61927	      44.395007	     0.00000000	    0.013986180
247       	     0.39683700	     -696.27216	      1020.0008	      114.14520	     -491.65532	      50.926219	     0.00000000	    0.011211911
248       	     0.39843700	     -754.14904	      1087.1191	      168.33459	     -563.84250	      59.669476	     0.00000000	   0.0073251671
249       	     0.40003700	     -816.24340	      1152.4700	      240.59093	     -651.18070	      71.497381	     0.00000000	   0.0018581682
250       	     0.40163700	     -874.12785	      1200.0952	      337.40642	     -753.76435	      87.555135	     0.00000000	  -0.0058550698
251       	     0.40323700	     -908.03756	      1196.5103	      465.54777	     -865.85380	      109.07915	     0.00000000	   -0.016656864
252       	     0.40483700	     -878.73537	      1080.4562	      627.19304	     -968.09641	      136.60033	     0.00000000	   -0.031271567
253       	     0.40653700	     -710.35705	      737.13915	      819.00122	     -1017.8691	      169.84376	     0.00000000	   -0.050522735
254       	     0.40813700	     -369.85397	      148.56980	      968.28171	     -945.26515	      196.51946	     0.00000000	   -0.068656515
255       	     0.40973700	      106.90826	     -603.61534	      1016.3292	     -727.07282	      206.28201	     0.00000000	   -0.080166948
256       	     0.41133700	      564.92560	     -1268.1161	      933.04151	     -423.58828	      193.04994	     0.00000000	   -0.080076919
257       	     0.41293700	      863.57654	     -1649.8039	      764.35260	     -142.47605	      163.91757	     0.00000000	   -0.070037259
258       	     0.41453700	      985.30362	     -1753.4722	      581.43546	      55.196743	      131.14858	     0.00000000	   -0.055824350
259       	     0.41613700	      990.34523	     -1690.0142	      425.93822	      170.81718	      102.45228	     0.00000000	   -0.042012087
260       	     0.41773700	      940.31143	     -1558.2253	      307.50504	      229.83363	      79.996455	     0.00000000	   -0.030487388
261       	     0.41943700	      868.39894	     -1404.7177	      216.69976	      256.58031	      62.331603	     0.00000000	   -0.020997457
262       	     0.42103700	      801.47914	     -1272.1482	      155.81283	      263.83394	      50.207709	     0.00000000	   -0.014261212
263       	     0.42263700	      742.16903	     -1158.6419	      111.78096	      262.51786	      41.269123	     0.00000000	  -0.0091722765
264       	     0.42423700	      692.26294	     -1064.7959	      79.615985	      257.29706	      34.641131	     0.00000000	  -0.0053285670
265       	     0.42583700	      651.59804	     -988.86667	      55.853328	      250.67551	      29.701556	     0.00000000	  -0.0024238259
266       	     0.42743700	      619.35223	     -928.57361	      38.123844	      243.99343	      26.018258	     0.00000000	 -0.00023464958
267       	     0.42903700	      594.59793	     -881.79653	      24.806066	      237.97498	      23.293709	     0.00000000	   0.0013991449
268       	     0.43063700	      576.52133	     -846.80587	      14.781499	      233.02434	      21.324515	     0.00000000	   0.0025914819
269       	     0.43233700	      563.93799	     -821.10448	      6.8715204	      229.20706	      19.907927	     0.00000000	   0.0034640170
270       	     0.43393700	      557.90069	     -806.81237	      1.4360392	      227.15614	      19.119645	     0.00000000	   0.0039719494
271       	     0.43553700	      557.29988	     -801.65006	     -2.4396805	      226.76181	      18.810979	     0.00000000	   0.0042129386
272       	     0.43713700	      562.16463	     -805.54160	     -5.0218977	      228.19858	      18.967012	     0.00000000	   0.0042081494
273       	     0.43873700	      572.74732	     -818.78613	     -6.4948288	      231.67909	      19.604020	     0.00000000	   0.0039664132
274       	     0.44033700	      589.54010	     -842.07332	     -6.9807228	      237.47010	      20.772339	     0.00000000	   0.0034854904
275       	     0.44193700	      613.29675	     -876.50965	     -6.5536635	      245.90259	      22.563910	     0.00000000	   0.0027526626
276       	     0.44353700	      645.04937	     -923.63729	     -5.2501492	      257.37014	      25.125950	     0.00000000	   0.0017451785
277       	     0.44523700	      688.99483	     -989.79174	     -2.9155664	      273.35548	      28.945603	     0.00000000	  0.00033851259
278       	     0.44683700	      741.44948	     -1069.4185	     0.17465108	      292.34547	      33.932883	     0.00000000	  -0.0013390949
279       	     0.44843700	      805.73719	     -1167.4535	      4.1002278	      315.14321	      40.788545	     0.00000000	  -0.0033847732
280       	     0.45003700	      881.23425	     -1282.8045	      8.7150724	      340.64763	      50.248337	     0.00000000	  -0.0057733416
281       	     0.45163700	      962.42250	     -1406.7612	      13.565599	      365.05811	      63.303211	     0.00000000	  -0.0083365821
282       	     0.45323700	      1031.7142	     -1511.9209	      17.494813	      378.51335	      81.044219	     0.00000000	   -0.010558417
283       	     0.45483700	      1046.6430	     -1532.5193	      17.991403	      359.66859	      103.88156	     0.00000000	   -0.011215812
284       	     0.45653700	      915.51629	     -1327.0469	      9.9699795	      264.47958	      130.91154	     0.00000000	  -0.0077218809
285       	     0.45813700	      570.45312	     -792.44470	     -9.7537313	      73.512435	      150.03858	     0.00000000	   0.0018145655
286       	     0.45973700	      50.923216	      8.4010674	     -38.451838	     -181.62411	      151.02410	     0.00000000	    0.016161354
287       	     0.46133700	     -436.95599	      756.64888	     -64.784209	     -396.43136	      131.48297	     0.00000000	    0.029455948
288       	     0.46293700	     -723.84721	      1192.7575	     -79.908745	     -500.66362	      102.41571	     0.00000000	    0.037002157
289       	     0.46453700	     -814.06467	      1325.5855	     -84.306182	     -510.53753	      75.328426	     0.00000000	    0.039029619
290       	     0.46613700	     -791.34769	      1285.3758	     -82.565671	     -472.81219	      54.582730	     0.00000000	    0.037952938
291       	     0.46773700	     -723.36130	      1176.6447	     -78.363370	     -420.54478	      39.880521	     0.00000000	    0.035687497
292       	     0.46943700	     -640.36856	      1045.7282	     -73.327821	     -366.07323	      29.142764	     0.00000000	    0.033061236
293       	     0.47103700	     -566.87938	      930.51156	     -68.873440	     -321.20205	      22.152522	     0.00000000	    0.030784216
294       	     0.47263700	     -502.26109	      829.61126	     -64.949321	     -283.38950	      17.166881	     0.00000000	    0.028807200
295       	     0.47423700	     -446.90619	      743.47897	     -61.585307	     -251.97489	      13.531026	     0.00000000	    0.027131407
296       	     0.47583700	     -399.88155	      670.56327	     -58.734064	     -225.93453	      10.818704	     0.00000000	    0.025722902
297       	     0.47743700	     -359.93009	      608.84321	     -56.327331	     -204.27457	      8.7509045	     0.00000000	    0.024540364
298       	     0.47903700	     -325.84360	      556.39466	     -54.297613	     -186.14724	      7.1422563	     0.00000000	    0.023545177
299       	     0.48063700	     -296.57879	      511.56283	     -52.585434	     -170.86491	      5.8672930	     0.00000000	    0.022704372
300       	     0.48233700	     -269.80700	      470.75338	     -51.058422	     -157.13559	      4.7818804	     0.00000000	    0.021949945
301       	     0.48393700	     -247.94735	      437.61223	     -49.853166	     -146.12353	      3.9501908	     0.00000000	    0.021347710
302       	     0.48553700	     -228.75590	      408.68121	     -48.838827	     -136.61916	      3.2586822	     0.00000000	    0.020832174
303       	     0.48713700	     -211.78687	      383.25557	     -47.988341	     -128.35619	      2.6761105	     0.00000000	    0.020389310
304       	     0.48873700	     -196.68090	      360.76692	     -47.279587	     -121.12213	      2.1793009	     0.00000000	    0.020007781
305       	     0.49033700	     -183.14696	      340.75467	     -46.694400	     -114.74626	      1.7508077	     0.00000000	    0.019678381
306       	     0.49193700	     -170.94808	      322.84347	     -46.217786	     -109.09039	      1.3773172	     0.00000000	    0.019393587
307       	     0.49353700	     -159.89014	      306.72558	     -45.837293	     -104.04187	      1.0485399	     0.00000000	    0.019147219
308       	     0.49523700	     -149.21278	      291.28204	     -45.526733	     -99.240097	     0.73923832	     0.00000000	    0.018921851
309       	     0.49683700	     -140.03322	      278.10896	     -45.313478	     -95.169846	     0.47915195	     0.00000000	    0.018739542
310       	     0.49843700	     -131.58496	      266.07833	     -45.169362	     -91.470542	     0.24401543	     0.00000000	    0.018582525
311       	     0.50003700	     -123.77607	      255.04370	     -45.088139	     -88.089347	    0.029791055	     0.00000000	    0.018447830
312       	     0.50163700	     -116.52892	      244.88121	     -45.064452	     -84.981684	    -0.16680514	     0.00000000	    0.018332942
313       	     0.50323700	     -109.77755	      235.48550	     -45.093679	     -82.109724	    -0.34846584	     0.00000000	    0.018235720
314       	     0.50483700	     -103.46560	      226.76646	     -45.171807	     -79.441182	    -0.51741578	     0.00000000	    0.018154330
315       	     0.50653700	     -97.186604	      218.15739	     -45.304480	     -76.797818	    -0.68506296	     0.00000000	    0.018083443
316       	     0.50813700	     -91.635467	      210.60092	     -45.472851	     -74.465598	    -0.83330877	     0.00000000	    0.018029969
317       	     0.50973700	     -86.395117	      203.51497	     -45.680629	     -72.263304	    -0.97362847	     0.00000000	    0.017988138
318       	     0.51133700	     -81.434096	      196.84902	     -45.925391	     -70.173060	     -1.1071202	     0.00000000	    0.017956929
319       	     0.51293700	     -76.724759	      190.55871	     -46.204955	     -68.179222	     -1.2347211	     0.00000000	    0.017935445
320       	     0.51453700	     -72.242676	      184.60478	     -46.517345	     -66.268036	     -1.3572355	     0.00000000	    0.017922900
321       	     0.51613700	     -67.966126	      178.95237	     -46.860752	     -64.427358	     -1.4753570	     0.00000000	    0.017918596
322       	     0.51773700	     -63.875674	      173.57029	     -47.233504	     -62.646414	     -1.5896867	     0.00000000	    0.017921917
323       	     0.51943700	     -59.713952	      168.11674	     -47.659965	     -60.808901	     -1.7075919	     0.00000000	    0.017933181
324       	     0.52103700	     -55.953879	      163.20659	     -48.088415	     -59.121962	     -1.8156811	     0.00000000	    0.017950544
325       	     0.52263700	     -52.331179	      158.48877	     -48.541685	     -57.468376	     -1.9213847	     0.00000000	    0.017974006
326       	     0.52423700	     -48.832584	      153.94213	     -49.018412	     -55.841203	     -2.0250537	     0.00000000	    0.018003162
327       	     0.52583700	     -45.445785	      149.54707	     -49.517260	     -54.234138	     -2.1269979	     0.00000000	    0.018037636
328       	     0.52743700	     -42.159268	      145.28532	     -50.036893	     -52.641425	     -2.2274913	     0.00000000	    0.018077080
329       	     0.52903700	     -38.962172	      141.13968	     -50.575960	     -51.057782	     -2.3267766	     0.00000000	    0.018121165
330       	     0.53063700	     -35.844166	      137.09380	     -51.133074	     -49.478339	     -2.4250682	     0.00000000	    0.018169577
331       	     0.53233700	     -32.606843	      132.88686	     -51.743169	     -47.799727	     -2.5286256	     0.00000000	    0.018225417
332       	     0.53393700	     -29.621015	      128.99796	     -52.332861	     -46.215034	     -2.6254400	     0.00000000	    0.018281797
333       	     0.53553700	     -26.684842	      125.16244	     -52.935907	     -44.621649	     -2.7217692	     0.00000000	    0.018341579
334       	     0.53713700	     -23.789136	      121.36584	     -53.550548	     -43.015892	     -2.8177364	     0.00000000	    0.018404455
335       	     0.53873700	     -20.924794	      117.59380	     -54.174869	     -41.394294	     -2.9134443	     0.00000000	    0.018470102
336       	     0.54033700	     -18.082741	      113.83201	     -54.806772	     -39.753580	     -3.0089766	     0.00000000	    0.018538183
337       	     0.54193700	     -15.253875	      110.06606	     -55.443940	     -38.090654	     -3.1043963	     0.00000000	    0.018608334
338       	     0.54353700	     -12.429027	      106.28137	     -56.083807	     -36.402597	     -3.1997461	     0.00000000	    0.018680160
339       	     0.54523700	     -9.4216755	      102.22309	     -56.763425	     -34.578443	     -3.3010017	     0.00000000	    0.018757826
340       	     0.54683700	     -6.5756834	      98.352686	     -57.399477	     -32.830088	     -3.3962468	     0.00000000	    0.018831692
341       	     0.54843700	     -3.7048849	      94.417245	     -58.028407	     -31.048791	     -3.4914097	     0.00000000	    0.018905761
342       	     0.55003700	    -0.79957735	      90.400951	     -58.646224	     -29.232426	     -3.5864331	     0.00000000	    0.018979435
343       	     0.55163700	      2.1500763	      86.287632	     -59.248477	     -27.379126	     -3.6812294	     0.00000000	    0.019052050
344       	     0.55323700	      5.1540183	      82.060778	     -59.830212	     -25.487323	     -3.7756773	     0.00000000	    0.019122861
345       	     0.55483700	      8.2222479	      77.703598	     -60.385923	     -23.555802	     -3.8696188	     0.00000000	    0.019191035
346       	     0.55653700	      11.563871	      72.912269	     -60.941022	     -21.459148	     -3.9686535	     0.00000000	    0.019259540
347       	     0.55813700	      14.796108	      68.232596	     -61.423108	     -19.443743	     -4.0608731	     0.00000000	    0.019319223
348       	     0.55973700	      18.122732	      63.370602	     -61.858493	     -17.387828	     -4.1518331	     0.00000000	    0.019373082
349       	     0.56133700	      21.552969	      58.309744	     -62.239091	     -15.292392	     -4.2411865	     0.00000000	    0.019419844
350       	     0.56293700	      25.095458	      53.034136	     -62.556145	     -13.159209	     -4.3285308	     0.00000000	    0.019458112
351       	     0.56453700	      28.758022	      47.528909	     -62.800248	     -10.990944	     -4.4134045	     0.00000000	    0.019486366
352       	     0.56613700	      32.547408	      41.780627	     -62.961396	     -8.7912730	     -4.4952858	     0.00000000	    0.019502967
353       	     0.56773700	      36.468994	      35.777771	     -63.029063	     -6.5649897	     -4.5735918	     0.00000000	    0.019506161
354       	     0.56943700	      40.784599	      29.110754	     -62.986303	     -4.1771680	     -4.6521540	     0.00000000	    0.019492789
355       	     0.57103700	      44.988204	      22.557673	     -62.826387	     -1.9164666	     -4.7209913	     0.00000000	    0.019462391
356       	     0.57263700	      49.328467	      15.732645	     -62.538996	     0.34821092	     -4.7841113	     0.00000000	    0.019412693
357       	     0.57423700	      53.801721	      8.6379789	     -62.113178	      2.6066740	     -4.8407201	     0.00000000	    0.019341699
358       	     0.57583700	      58.401212	      1.2809731	     -61.538537	      4.8473516	     -4.8899959	     0.00000000	    0.019247448
359       	     0.57743700	      63.116823	     -6.3255106	     -60.805594	      7.0573716	     -4.9311069	     0.00000000	    0.019128072
360       	     0.57903700	      67.934867	     -14.162578	     -59.906186	      9.2227076	     -4.9632319	     0.00000000	    0.018981857
361       	     0.58063700	      72.837990	     -22.204975	     -58.833897	      11.328401	     -4.9855857	     0.00000000	    0.018807318
362       	     0.58233700	      78.117248	     -30.939403	     -57.500479	      13.482917	     -4.9978267	     0.00000000	    0.018589524
363       	     0.58393700	      83.125637	     -39.297848	     -56.061202	      15.416088	     -4.9978631	     0.00000000	    0.018353275
364       	     0.58553700	      88.144184	     -47.744556	     -54.444804	      17.241578	     -4.9862679	     0.00000000	    0.018086396
365       	     0.58713700	      93.142486	     -56.229618	     -52.656253	      18.944506	     -4.9627252	     0.00000000	    0.017789129
366       	     0.58873700	      98.088205	     -64.698722	     -50.704119	      20.511262	     -4.9271192	     0.00000000	    0.017462320
367       	     0.59033700	      102.94788	     -73.094365	     -48.600696	      21.930051	     -4.8795641	     0.00000000	    0.017107464
368       	     0.59193700	      107.68785	     -81.357271	     -46.361977	      23.191412	     -4.8204281	     0.00000000	    0.016726737
369       	     0.59353700	      112.27519	     -89.427954	     -44.007499	      24.288662	     -4.7503527	     0.00000000	    0.016322997
370       	     0.59523700	      116.94712	     -97.727477	     -41.404535	      25.270751	     -4.6649501	     0.00000000	    0.015872763
371       	     0.59683700	      121.12403	     -105.22159	     -38.886272	      26.022072	     -4.5755492	     0.00000000	    0.015433395
372       	     0.59843700	      125.06183	     -112.35654	     -36.330060	      26.609107	     -4.4789297	     0.00000000	    0.014983723
373       	     0.60003700	      128.73948	     -119.08752	     -33.765241	      27.038668	     -4.3768548	     0.00000000	    0.014528977
374       	     0.60163700	      132.14031	     -125.37620	     -31.221930	      27.320671	     -4.2713237	     0.00000000	    0.014074766
375       	     0.60323700	      135.25208	     -131.19117	     -28.730286	      27.467743	     -4.1645419	     0.00000000	    0.013626984
376       	     0.60483700	      138.06689	     -136.50806	     -26.319803	      27.494703	     -4.0588867	     0.00000000	    0.013191693
377       	     0.60653700	      140.72789	     -141.59190	     -23.879071	      27.410120	     -3.9506744	     0.00000000	    0.012749742
378       	     0.60813700	      142.92152	     -145.83258	     -21.722812	      27.242158	     -3.8553849	     0.00000000	    0.012359540
379       	     0.60973700	      144.81604	     -149.53940	     -19.727436	      27.006389	     -3.7691791	     0.00000000	    0.012000403
380       	     0.61133700	      146.41555	     -152.71034	     -17.913859	      26.719752	     -3.6947466	     0.00000000	    0.011678089
381       	     0.61293700	      147.72510	     -155.34616	     -16.299905	      26.397952	     -3.6347605	     0.00000000	    0.011398072
382       	     0.61453700	      148.74983	     -157.44913	     -14.900100	      26.054830	     -3.5918419	     0.00000000	    0.011165486
383       	     0.61613700	      149.49408	     -159.02182	     -13.725528	      25.701796	     -3.5685254	     0.00000000	    0.010985055
384       	     0.61773700	      149.96076	     -160.06602	     -12.783741	      25.347353	     -3.5672223	     0.00000000	    0.010861045
385       	     0.61943700	      150.15327	     -160.59646	     -12.042522	      24.974954	     -3.5924708	     0.00000000	    0.010795278
386       	     0.62103700	      150.04713	     -160.54835	     -11.589296	      24.629991	     -3.6434462	     0.00000000	    0.010798788
387       	     0.62263700	      149.65765	     -159.96429	     -11.369477	      24.287961	     -3.7226281	     0.00000000	    0.010868230
388       	     0.62423700	      148.97741	     -158.83647	     -11.375812	      23.942579	     -3.8314883	     0.00000000	    0.011005297
389       	     0.62583700	      147.99648	     -157.15472	     -11.597345	      23.583761	     -3.9711351	     0.00000000	    0.011210837
390       	     0.62743700	      146.70282	     -154.90726	     -12.019433	      23.197832	     -4.1422530	     0.00000000	    0.011484759
391       	     0.62903700	      145.08305	     -152.08171	     -12.623789	      22.767879	     -4.3450401	     0.00000000	    0.011825936
392       	     0.63063700	      143.12338	     -148.66653	     -13.388605	      22.274265	     -4.5791485	     0.00000000	    0.012232111
393       	     0.63233700	      140.65419	     -144.38180	     -14.348882	      21.655777	     -4.8611366	     0.00000000	    0.012731004
394       	     0.63393700	      137.95435	     -139.72671	     -15.361957	      20.961026	     -5.1561369	     0.00000000	    0.013258926
395       	     0.63553700	      134.88234	     -134.46989	     -16.449619	      20.133433	     -5.4775117	     0.00000000	    0.013837316
396       	     0.63713700	      131.43544	     -128.62128	     -17.579214	      19.150735	     -5.8223113	     0.00000000	    0.014458934
397       	     0.63873700	      127.61696	     -122.20045	     -18.716989	      17.992656	     -6.1869611	     0.00000000	    0.015115442
398       	     0.64033700	      123.43715	     -115.23770	     -19.828996	      16.642000	     -6.5673287	     0.00000000	    0.015797572
399       	     0.64193700	      118.91393	     -107.77462	     -20.882085	      15.085635	     -6.9588240	     0.00000000	    0.016495357
400       	     0.64353700	      114.07300	     -99.863982	     -21.844941	      13.315305	     -7.3565299	     0.00000000	    0.017198412
401       	     0.64523700	      108.61873	     -91.039243	     -22.737317	      11.196830	     -7.7802053	     0.00000000	    0.017939466
402       	     0.64683700	      103.23525	     -82.414596	     -23.428346	      8.9826940	     -8.1746526	     0.00000000	    0.018620587
403       	     0.64843700	      97.656097	     -73.560969	     -23.954616	      6.5639205	     -8.5599210	     0.00000000	    0.019276059
404       	     0.65003700	      91.931160	     -64.561024	     -24.301251	      3.9546092	     -8.9314637	     0.00000000	    0.019897206
405       	     0.65163700	      86.112372	     -55.498331	     -24.458679	      1.1733883	     -9.2852314	     0.00000000	    0.020476534
406       	     0.65323700	      80.251808	     -46.454434	     -24.422615	     -1.7575032	     -9.6177874	     0.00000000	    0.021007915
407       	     0.65483700	      74.399815	     -37.506117	     -24.193799	     -4.8132782	     -9.9263881	     0.00000000	    0.021486708
408       	     0.65653700	      68.243904	     -28.181064	     -23.745455	     -8.1675297	     -10.225792	     0.00000000	    0.021934345
409       	     0.65813700	      62.552438	     -19.639873	     -23.140090	     -11.397717	     -10.479457	     0.00000000	    0.022296493
410       	     0.65973700	      56.996996	     -11.377972	     -22.369574	     -14.672535	     -10.705298	     0.00000000	    0.022601090
411       	     0.66133700	      51.607013	     -3.4343611	     -21.448672	     -17.967684	     -10.903425	     0.00000000	    0.022849201
412       	     0.66293700	      46.405182	      4.1628526	     -20.393650	     -21.261045	     -11.074515	     0.00000000	    0.023042937
413       	     0.66453700	      41.407540	      11.396026	     -19.221559	     -24.533117	     -11.219709	     0.00000000	    0.023185252
414       	     0.66613700	      36.623815	      18.257171	     -17.949594	     -27.767279	     -11.340525	     0.00000000	    0.023279750
415       	     0.66773700	      32.057979	      24.746893	     -16.594571	     -30.949877	     -11.438764	     0.00000000	    0.023330487
416       	     0.66943700	      27.444181	      31.244326	     -15.081753	     -34.262943	     -11.520634	     0.00000000	    0.023341307
417       	     0.67103700	      23.319409	      37.000023	     -13.604793	     -37.308380	     -11.578731	     0.00000000	    0.023315654
418       	     0.67263700	      19.396296	      42.426682	     -12.090164	     -40.277859	     -11.620655	     0.00000000	    0.023259838
419       	     0.67423700	      15.662825	      47.547196	     -10.550004	     -43.168347	     -11.648568	     0.00000000	    0.023178263
420       	     0.67583700	      12.104840	      52.387079	     -8.9950090	     -45.978761	     -11.664593	     0.00000000	    0.023075179
421       	     0.67743700	      8.7066401	      56.973579	     -7.4344478	     -48.709681	     -11.670779	     0.00000000	    0.022954631
422       	     0.67903700	      5.4514784	      61.334932	     -5.8762269	     -51.363063	     -11.669083	     0.00000000	    0.022820432
423       	     0.68063700	      2.3219789	      65.499774	     -4.3269767	     -53.941986	     -11.661361	     0.00000000	    0.022676144
424       	     0.68233700	    -0.88517472	      69.741524	     -2.6968153	     -56.604953	     -11.648508	     0.00000000	    0.022515489
425       	     0.68393700	     -3.8113580	      73.590854	     -1.1821273	     -59.043634	     -11.633763	     0.00000000	    0.022360594
426       	     0.68553700	     -6.6659392	      77.329666	     0.31008360	     -61.422050	     -11.618018	     0.00000000	    0.022205020
427       	     0.68713700	     -9.4662150	      80.984693	      1.7772394	     -63.745833	     -11.602719	     0.00000000	    0.022051396
428       	     0.68873700	     -12.229145	      84.581835	      3.2174827	     -66.020909	     -11.589225	     0.00000000	    0.021902175
429       	     0.69033700	     -14.971328	      88.146170	      4.6295809	     -68.253421	     -11.578830	     0.00000000	    0.021759655
430       	     0.69193700	     -17.709013	      91.702008	      6.0128406	     -70.449678	     -11.572770	     0.00000000	    0.021626010
431       	     0.69353700	     -20.458138	      95.272990	      7.3670320	     -72.616127	     -11.572241	     0.00000000	    0.021503319
432       	     0.69523700	     -23.409195	      99.109617	      8.7742053	     -74.892678	     -11.579043	     0.00000000	    0.021387210
433       	     0.69683700	     -26.231324	      102.78438	      10.069360	     -77.018540	     -11.593596	     0.00000000	    0.021293423
434       	     0.69843700	     -29.112606	      106.54407	      11.336997	     -79.135145	     -11.617240	     0.00000000	    0.021216670
435       	     0.70003700	     -32.068632	      110.41125	      12.578206	     -81.249541	     -11.651162	     0.00000000	    0.021158952
436       	     0.70163700	     -35.115225	      114.40877	      13.794307	     -83.369009	     -11.696594	     0.00000000	    0.021122329
437       	     0.70323700	     -38.268605	      118.56000	      14.986835	     -85.501129	     -11.754827	     0.00000000	    0.021108961
438       	     0.70483700	     -41.545572	      122.88916	      16.157531	     -87.653855	     -11.827237	     0.00000000	    0.021121144
439       	     0.70653700	     -45.182429	      127.71218	      17.379644	     -89.973117	     -11.921373	     0.00000000	    0.021164855
440       	     0.70813700	     -48.770972	      132.49001	      18.511660	     -92.195564	     -12.027872	     0.00000000	    0.021237802
441       	     0.70973700	     -52.540461	      137.52855	      19.628440	     -94.466330	     -12.153567	     0.00000000	    0.021344650
442       	     0.71133700	     -56.512472	      142.85907	      20.732597	     -96.795993	     -12.300467	     0.00000000	    0.021488745
443       	     0.71293700	     -60.710533	      148.51575	      21.827015	     -99.196145	     -12.470836	     0.00000000	    0.021673854
444       	     0.71453700	     -65.160537	      154.53629	      22.914891	     -101.67960	     -12.667242	     0.00000000	    0.021904253
445       	     0.71613700	     -69.891220	      160.96265	      23.999786	     -104.26062	     -12.892622	     0.00000000	    0.022184835
446       	     0.71773700	     -74.934725	      167.84187	      25.085701	     -106.95521	     -13.150359	     0.00000000	    0.022521237
447       	     0.71943700	     -80.676830	      175.70682	      26.245673	     -109.96289	     -13.464062	     0.00000000	    0.022947160
448       	     0.72103700	     -86.485413	      183.69597	      27.348694	     -112.95149	     -13.801681	     0.00000000	    0.023420581
449       	     0.72263700	     -92.734260	      192.32519	      28.468764	     -116.11722	     -14.185937	     0.00000000	    0.023973600
450       	     0.72423700	     -99.477820	      201.67461	      29.612852	     -119.48722	     -14.623297	     0.00000000	    0.024616967
451       	     0.72583700	     -106.77906	      211.83697	      30.789134	     -123.09284	     -15.121477	     0.00000000	    0.025363504
452       	     0.72743700	     -114.71119	      222.92011	      32.007292	     -126.97044	     -15.689762	     0.00000000	    0.026228613
453       	     0.72903700	     -123.35980	      235.05001	      33.278906	     -131.16239	     -16.339401	     0.00000000	    0.027230932
454       	     0.73063700	     -132.82539	      248.37449	      34.617955	     -135.71824	     -17.084140	     0.00000000	    0.028393193
455       	     0.73233700	     -143.91070	      264.03595	      36.133717	     -141.02279	     -17.998643	     0.00000000	    0.029834720
456       	     0.73393700	     -155.46018	      280.40975	      37.670125	     -146.52441	     -18.997655	     0.00000000	    0.031422687
457       	     0.73553700	     -168.26354	      298.61843	      39.339970	     -152.60265	     -20.158068	     0.00000000	    0.033279676
458       	     0.73713700	     -182.52103	      318.95390	      41.176580	     -159.35344	     -21.513905	     0.00000000	    0.035461357
459       	     0.73873700	     -198.47045	      341.76150	      43.222329	     -166.88938	     -23.108778	     0.00000000	    0.038038834
460       	     0.74033700	     -216.39304	      367.44741	      45.531662	     -175.34158	     -24.999205	     0.00000000	    0.041103875
461       	     0.74193700	     -236.61796	      396.48372	      48.175284	     -184.86028	     -27.259246	     0.00000000	    0.044776174
462       	     0.74353700	     -259.52266	      429.40617	      51.245932	     -195.61257	     -29.987047	     0.00000000	    0.049213485
463       	     0.74523700	     -287.26048	      469.29374	      55.114362	     -208.58415	     -33.545656	     0.00000000	    0.055002378
464       	     0.74683700	     -317.00983	      512.05062	      59.499354	     -222.41618	     -37.705432	     0.00000000	    0.061761332
465       	     0.74843700	     -350.63538	      560.28798	      64.832273	     -237.91375	     -42.901758	     0.00000000	    0.070184530
466       	     0.75003700	     -388.19596	      613.96327	      71.409131	     -254.98386	     -49.470341	     0.00000000	    0.080792577
467       	     0.75163700	     -429.07387	      671.96311	      79.615372	     -273.12887	     -57.863044	     0.00000000	    0.094274985
468       	     0.75323700	     -471.17468	      730.88627	      89.927113	     -291.01405	     -68.667158	     0.00000000	     0.11150667
469       	     0.75483700	     -509.42634	      782.78805	      102.86029	     -305.68171	     -82.581644	     0.00000000	     0.13348561
470       	     0.75653700	     -533.90428	      811.91154	      119.87546	     -311.13498	     -101.49741	     0.00000000	     0.16295813
471       	     0.75813700	     -521.19448	      783.82392	      138.65045	     -295.84803	     -123.28532	     0.00000000	     0.19624969
472       	     0.75973700	     -444.32535	      658.14867	      158.15521	     -245.86352	     -147.37194	     0.00000000	     0.23196814
473       	     0.76133700	     -275.81102	      395.48944	      173.95800	     -148.68175	     -169.25489	     0.00000000	     0.26259210
474       	     0.76293700	     -17.944352	      2.5803150	      180.02986	     -8.8409444	     -181.77946	     0.00000000	     0.27694881
475       	     0.76453700	      274.20649	     -434.99042	      172.87406	      141.78509	     -179.30803	     0.00000000	     0.26714240
476       	     0.76613700	      520.36366	     -796.77512	      155.26154	      261.09318	     -162.86091	     0.00000000	     0.23616279
477       	     0.76773700	      674.43670	     -1016.5950	      133.99223	      327.98711	     -139.22942	     0.00000000	     0.19548967
478       	     0.76943700	      743.96816	     -1108.4262	      113.53849	      349.12739	     -113.89757	     0.00000000	     0.15357842
479       	     0.77103700	      752.05160	     -1110.4097	      98.574896	      340.68170	     -93.628866	     0.00000000	     0.12077448
480       	     0.77263700	      732.51246	     -1073.0888	      87.686054	      320.16545	     -77.680381	     0.00000000	    0.095265540
481       	     0.77423700	      702.78233	     -1022.4884	      80.002109	      296.66621	     -65.603516	     0.00000000	    0.076030186
482       	     0.77583700	      672.13893	     -972.18566	      74.613121	      274.73412	     -56.622306	     0.00000000	    0.061670565
483       	     0.77743700	      644.92952	     -928.35370	      70.791990	      256.30672	     -50.014627	     0.00000000	    0.050958454
484       	     0.77903700	      622.92657	     -893.36081	      68.008645	      242.02754	     -45.215216	     0.00000000	    0.042956715
485       	     0.78063700	      606.69137	     -867.82291	      65.885782	      231.97909	     -41.814565	     0.00000000	    0.036993047
486       	     0.78233700	      595.83050	     -850.96018	      64.049791	      225.81710	     -39.420303	     0.00000000	    0.032371515
487       	     0.78393700	      591.54331	     -844.49852	      62.499226	      224.14315	     -38.124259	     0.00000000	    0.029311366
488       	     0.78553700	      592.97664	     -846.99878	      60.945663	      226.43023	     -37.653164	     0.00000000	    0.027305646
489       	     0.78713700	      600.22495	     -858.50758	      59.228761	      232.76358	     -37.972560	     0.00000000	    0.026254080
490       	     0.78873700	      613.55358	     -879.32987	      57.177997	      243.38026	     -39.110281	     0.00000000	    0.026134973
491       	     0.79033700	      633.42084	     -910.05031	      54.590411	      258.69543	     -41.161460	     0.00000000	    0.027004674
492       	     0.79193700	      660.47781	     -951.51844	      51.202821	      279.32871	     -44.303329	     0.00000000	    0.029008508
493       	     0.79353700	      695.52371	     -1004.7608	      46.653267	      306.12404	     -48.822770	     0.00000000	    0.032405704
494       	     0.79523700	      742.39894	     -1075.2793	      39.964243	      342.53041	     -55.631675	     0.00000000	    0.038011725
495       	     0.79683700	      795.96557	     -1154.9403	      31.119417	      385.48127	     -64.638127	     0.00000000	    0.045853160
496       	     0.79843700	      857.55217	     -1245.1669	      18.660309	      437.71810	     -77.182460	     0.00000000	    0.057184934
497       	     0.80003700	      922.17660	     -1337.5584	      1.0004440	      498.65758	     -94.677625	     0.00000000	    0.073421723
498       	     0.80163700	      976.14163	     -1410.1967	     -23.868762	      563.65525	     -118.89866	     0.00000000	    0.096380483
499       	     0.80323700	      988.62136	     -1415.0812	     -57.727275	      618.67943	     -151.38981	     0.00000000	     0.12772687
500       	     0.80483700	      903.60030	     -1266.7974	     -99.860108	      632.99487	     -191.45092	     0.00000000	     0.16698789
501       	     0.80653700	      631.07990	     -829.86039	     -144.92080	      551.68848	     -234.45934	     0.00000000	     0.20976548
502       	     0.80813700	      194.38895	     -149.69039	     -169.75667	      355.21808	     -259.48805	     0.00000000	     0.23494721
503       	     0.80973700	     -291.87882	      593.83630	     -162.63757	      88.027653	     -256.19437	     0.00000000	     0.23129566
504       	     0.81133700	     -659.18883	      1144.6000	     -127.87832	     -154.82873	     -228.13441	     0.00000000	     0.20162254
505       	     0.81293700	     -847.68819	      1417.6002	     -82.982228	     -317.18357	     -190.62533	     0.00000000	     0.16137593
506       	     0.81453700	     -902.66769	      1487.0470	     -41.618256	     -403.59423	     -155.79817	     0.00000000	     0.12329871
507       	     0.81613700	     -888.97892	      1453.8560	     -8.7117356	     -441.25402	     -128.13533	     0.00000000	    0.092348054
508       	     0.81773700	     -850.22914	      1384.7171	      15.819054	     -453.30554	     -107.66602	     0.00000000	    0.068751717
509       	     0.81943700	     -806.10796	      1308.8152	      34.481252	     -453.59733	     -92.286867	     0.00000000	    0.050249548
510       	     0.82103700	     -771.61371	      1249.6027	      46.737810	     -449.74974	     -82.352668	     0.00000000	    0.037502949
511       	     0.82263700	     -747.38974	      1207.2137	      55.040115	     -445.55884	     -75.747455	     0.00000000	    0.028118730
512       	     0.82423700	     -734.39435	      1182.9588	      60.134969	     -442.74317	     -71.764130	     0.00000000	    0.021287000
513       	     0.82583700	     -732.81643	      1177.0985	      62.415987	     -442.14051	     -69.974257	     0.00000000	    0.016459870
514       	     0.82743700	     -742.78326	      1189.9174	      61.967824	     -444.16445	     -70.174639	     0.00000000	    0.013286501
515       	     0.82903700	     -764.66535	      1222.1993	      58.568095	     -449.00035	     -72.360061	     0.00000000	    0.011565410
516       	     0.83063700	     -799.17824	      1275.4173	      51.634788	     -456.63574	     -76.726400	     0.00000000	    0.011214384
517       	     0.83233700	     -850.80173	      1357.2894	      39.192063	     -467.42661	     -84.246266	     0.00000000	    0.012366453
518       	     0.83393700	     -914.40845	      1460.6483	      20.799942	     -478.97024	     -94.839330	     0.00000000	    0.015003902
519       	     0.83553700	     -992.26177	      1590.5766	     -7.0578698	     -489.09489	     -110.08775	     0.00000000	    0.019326530
520       	     0.83713700	     -1079.9309	      1742.6505	     -48.957725	     -491.51436	     -131.82910	     0.00000000	    0.025482840
521       	     0.83873700	     -1162.0386	      1896.7809	     -111.50022	     -472.58029	     -162.54173	     0.00000000	    0.033318153
522       	     0.84033700	     -1198.0790	      1995.1861	     -202.27763	     -405.06022	     -204.67067	     0.00000000	    0.041646628
523       	     0.84193700	     -1102.6883	      1909.4690	     -323.46879	     -244.02045	     -257.69092	     0.00000000	    0.046778775
524       	     0.84353700	     -754.29630	      1445.8556	     -454.56517	      52.952359	     -311.25391	     0.00000000	    0.041245847
525       	     0.84523700	     -68.420093	      451.06937	     -539.23689	      476.35678	     -341.36365	     0.00000000	    0.015411091
526       	     0.84683700	      650.57405	     -644.77849	     -509.68357	      809.53607	     -323.83739	     0.00000000	   -0.023797464
527       	     0.84843700	      1147.0900	     -1441.2878	     -394.58672	      949.64136	     -273.66864	     0.00000000	   -0.062498053
528       	     0.85003700	      1360.4508	     -1818.2209	     -259.29163	      927.35052	     -217.97145	     0.00000000	   -0.091001178
529       	     0.85163700	      1394.7638	     -1916.0595	     -144.62465	      834.37211	     -172.20119	     0.00000000	    -0.10926086
530       	     0.85323700	      1353.6044	     -1888.2104	     -59.442633	      732.10669	     -139.03375	     0.00000000	    -0.12072097
531       	     0.85483700	      1294.0024	     -1823.0560	     0.71033403	      645.56415	     -116.27407	     0.00000000	    -0.12836997
532       	     0.85653700	      1237.6174	     -1757.1066	      44.467585	      577.84588	     -100.46037	     0.00000000	    -0.13441044
533       	     0.85813700	      1200.3666	     -1714.3415	      72.091138	      536.51002	     -91.319920	     0.00000000	    -0.13928106
534       	     0.85973700	      1181.3025	     -1695.9251	      90.063082	      515.00849	     -86.459442	     0.00000000	    -0.14405669
535       	     0.86133700	      1181.3610	     -1703.9549	      100.43530	      511.87764	     -85.235351	     0.00000000	    -0.14924461
536       	     0.86293700	      1201.2843	     -1739.7674	      104.23728	      526.58009	     -87.506357	     0.00000000	    -0.15533136
537       	     0.86453700	      1242.0657	     -1804.6646	      101.66283	      559.58911	     -93.614830	     0.00000000	    -0.16289863
538       	     0.86613700	      1304.5221	     -1899.2387	      92.119645	      612.17471	     -104.46740	     0.00000000	    -0.17274362
539       	     0.86773700	      1387.3934	     -2020.3938	      74.189723	      685.54778	     -121.72041	     0.00000000	    -0.18602322
540       	     0.86943700	      1487.7277	     -2160.8864	      43.475166	      784.39967	     -150.04510	     0.00000000	    -0.20575869
541       	     0.87103700	      1561.0147	     -2252.1157	      1.2498780	      883.77353	     -189.90716	     0.00000000	    -0.23181684
542       	     0.87263700	      1529.8709	     -2174.8721	     -52.584594	      945.83387	     -245.30852	     0.00000000	    -0.26644165
543       	     0.87423700	      1234.8133	     -1691.6738	     -103.69660	      872.76064	     -310.69153	     0.00000000	    -0.30587178
544       	     0.87583700	      532.15013	     -601.44029	     -115.45663	      545.34251	     -360.26615	     0.00000000	    -0.33515904
545       	     0.87743700	     -412.44998	      823.85410	     -54.584645	      1.4404399	     -357.82954	     0.00000000	    -0.33521229
546       	     0.87903700	     -1147.0062	      1901.8749	      55.504394	     -504.87045	     -303.46646	     0.00000000	    -0.30800570
547       	     0.88063700	     -1477.7100	      2361.1657	      160.55997	     -805.34280	     -234.46387	     0.00000000	    -0.27402878
548       	     0.88233700	     -1538.3000	      2416.3195	      239.26634	     -936.40459	     -174.65456	     0.00000000	    -0.24526583
549       	     0.88393700	     -1492.6519	      2321.7192	      285.06509	     -970.07866	     -136.43189	     0.00000000	    -0.22734971
550       	     0.88553700	     -1434.4968	      2214.8300	      312.23417	     -971.48670	     -112.48050	     0.00000000	    -0.21667864
551       	     0.88713700	     -1396.7753	      2143.6859	      327.33843	     -965.93508	     -99.027183	     0.00000000	    -0.21172905
552       	     0.88873700	     -1390.5241	      2124.0858	      334.13723	     -964.32094	     -93.584427	     0.00000000	    -0.21191260
553       	     0.89033700	     -1419.1216	      2161.1482	      334.18742	     -970.97217	     -95.023915	     0.00000000	    -0.21768861
554       	     0.89193700	     -1483.1615	      2256.7043	      327.17699	     -986.61108	     -103.44645	     0.00000000	    -0.23074600
555       	     0.89353700	     -1579.5981	      2408.2457	      310.68349	     -1007.8448	     -120.22155	     0.00000000	    -0.25450335
556       	     0.89523700	     -1700.7333	      2609.3944	      276.63929	     -1022.5797	     -150.38788	     0.00000000	    -0.29827985
557       	     0.89683700	     -1779.0795	      2762.1764	      218.89659	     -993.11510	     -194.72242	     0.00000000	    -0.36691293
558       	     0.89843700	     -1686.7635	      2680.0424	      124.39635	     -843.41067	     -256.89485	     0.00000000	    -0.47216621
559       	     0.90003700	     -1186.4094	      2000.3620	     -3.2373093	     -461.95833	     -326.43231	     0.00000000	    -0.60670893
560       	     0.90163700	     -164.47248	      520.92970	     -111.49692	      150.42839	     -367.56174	     0.00000000	    -0.71607961
561       	     0.90323700	      967.99929	     -1176.5316	     -125.04559	      712.13088	     -347.49557	     0.00000000	    -0.72920233
562       	     0.90483700	      1667.8778	     -2266.2445	     -50.079343	      965.24511	     -285.79546	     0.00000000	    -0.65544218
563       	     0.90653700	      1909.5551	     -2678.6096	      52.370786	      964.71328	     -218.93452	     0.00000000	    -0.55264408
564       	     0.90813700	      1902.9753	     -2705.9821	      128.81536	      873.47935	     -172.20496	     0.00000000	    -0.47106264
565       	     0.90973700	      1830.3781	     -2623.5968	      178.28637	      781.34374	     -140.99218	     0.00000000	    -0.41087486
566       	     0.91133700	      1758.3462	     -2533.5727	      203.98820	      716.74097	     -121.30277	     0.00000000	    -0.36885832
567       	     0.91293700	      1709.6471	     -2471.7776	      209.63800	      685.73140	     -109.83032	     0.00000000	    -0.34116967
568       	     0.91453700	      1690.6276	     -2448.1989	      196.97218	      688.17813	     -104.54272	     0.00000000	    -0.32547319
569       	     0.91613700	      1702.2551	     -2463.4503	      165.29957	      723.48422	     -104.46777	     0.00000000	    -0.32119155
570       	     0.91773700	      1743.2072	     -2513.2538	      111.22171	      792.07316	     -109.48131	     0.00000000	    -0.32954302
571       	     0.91943700	      1812.9311	     -2590.4367	      21.676534	      902.22295	     -121.10638	     0.00000000	    -0.35591688
572       	     0.92103700	      1885.4486	     -2652.1307	     -104.04661	      1037.9519	     -139.39736	     0.00000000	    -0.40310593
573       	     0.92263700	      1916.2636	     -2621.1535	     -283.44775	      1186.6058	     -166.44617	     0.00000000	    -0.47926862
574       	     0.92423700	      1793.0935	     -2321.5709	     -521.69711	      1289.5901	     -201.99580	     0.00000000	    -0.58726396
575       	     0.92583700	      1325.4771	     -1478.3955	     -783.06997	      1217.8827	     -238.30393	     0.00000000	    -0.70755134
576       	     0.92743700	      395.70497	      30.830886	     -951.82639	      827.21925	     -254.90103	     0.00000000	    -0.77631843
577       	     0.92903700	     -720.13966	      1719.2921	     -903.95326	      182.42220	     -233.42050	     0.00000000	    -0.72438304
578       	     0.93063700	     -1521.1005	      2835.6336	     -679.31788	     -413.86034	     -185.10027	     0.00000000	    -0.57288113
579       	     0.93233700	     -1879.2001	      3247.1810	     -412.82486	     -794.32455	     -133.86264	     0.00000000	    -0.39548387
580       	     0.93393700	     -1941.3560	      3237.9759	     -223.41449	     -954.16599	     -99.028182	     0.00000000	    -0.26373583
581       	     0.93553700	     -1912.4989	      3118.8823	     -102.51880	     -1011.5997	     -77.141843	     0.00000000	    -0.17293331
582       	     0.93713700	     -1878.1003	      3015.3004	     -35.502795	     -1024.8695	     -64.859394	     0.00000000	    -0.11624773
583       	     0.93873700	     -1870.9480	      2972.3189	     -8.7859833	     -1022.9031	     -59.427092	     0.00000000	   -0.087392257
584       	     0.94033700	     -1899.8256	      3001.1554	     -14.964174	     -1017.1649	     -59.296502	     0.00000000	   -0.083962994
585       	     0.94193700	     -1959.5471	      3094.6981	     -52.802378	     -1007.2718	     -63.985747	     0.00000000	    -0.10792811
586       	     0.94353700	     -2024.8832	      3218.0034	     -126.26852	     -978.71259	     -73.882618	     0.00000000	    -0.16554743
587       	     0.94523700	     -2020.1081	      3264.4551	     -249.78042	     -883.04222	     -91.050433	     0.00000000	    -0.27301155
588       	     0.94683700	     -1776.4654	      2969.5595	     -402.20385	     -648.64906	     -113.09529	     0.00000000	    -0.41642597
589       	     0.94843700	     -1075.5405	      1979.0395	     -538.79926	     -191.49483	     -134.94911	     0.00000000	    -0.55875549
590       	     0.95003700	      62.798226	      272.36936	     -561.56596	      411.95255	     -143.51694	     0.00000000	    -0.60568491
591       	     0.95163700	      1140.8478	     -1416.7813	     -434.87750	      879.24770	     -131.63278	     0.00000000	    -0.50609520
592       	     0.95323700	      1739.5712	     -2412.5543	     -247.73527	      1055.8384	     -108.85558	     0.00000000	    -0.32887012
593       	     0.95483700	      1918.8862	     -2764.1815	     -88.930193	      1037.2380	     -87.262840	     0.00000000	    -0.16051575
594       	     0.95653700	      1890.8883	     -2785.2268	      23.348752	      948.38037	     -70.393524	     0.00000000	   -0.026042949
595       	     0.95813700	      1803.7868	     -2696.9098	      85.820335	      868.17852	     -59.790709	     0.00000000	    0.060842251
596       	     0.95973700	      1718.1211	     -2600.8079	      120.14658	      812.32611	     -52.834162	     0.00000000	     0.11841795
597       	     0.96133700	      1654.9335	     -2532.6447	      136.39297	      783.79719	     -48.283221	     0.00000000	     0.15388478
598       	     0.96293700	      1621.0055	     -2504.9841	      141.30635	      780.48238	     -45.224326	     0.00000000	     0.17141902
599       	     0.96453700	      1618.0815	     -2521.7937	      139.60168	      799.11205	     -42.944550	     0.00000000	     0.17246783
600       	     0.96613700	      1645.0087	     -2582.1856	      135.16604	      835.47268	     -40.755796	     0.00000000	     0.15594962
601       	     0.96773700	      1694.6257	     -2676.1088	      132.16673	      881.89260	     -37.769967	     0.00000000	     0.11809554
602       	     0.96943700	      1744.3698	     -2771.7346	      136.88228	      921.74920	     -32.125841	     0.00000000	    0.047108927
603       	     0.97103700	      1715.0118	     -2748.3914	      157.15539	      903.93416	     -21.995519	     0.00000000	   -0.056385602
604       	     0.97263700	      1456.5427	     -2381.0041	      200.52482	      742.50418	     -4.1198705	     0.00000000	    -0.19253304
605       	     0.97423700	      776.80462	     -1373.8477	      260.28071	      337.61214	      21.686134	     0.00000000	    -0.32189905
606       	     0.97583700	     -265.65995	      199.17734	      298.44947	     -253.96837	      46.441793	     0.00000000	    -0.36405871
607       	     0.97743700	     -1193.1454	      1624.6139	      276.07632	     -746.66237	      57.123572	     0.00000000	    -0.28497058
608       	     0.97903700	     -1661.7172	      2369.5813	      205.08342	     -958.05435	      53.016909	     0.00000000	    -0.15018341
609       	     0.98063700	     -1763.4049	      2556.0461	      121.78126	     -958.17900	      42.749430	     0.00000000	   -0.030234347
610       	     0.98233700	     -1695.3402	      2476.5054	      42.523947	     -863.36820	      32.064742	     0.00000000	    0.056879922
611       	     0.98393700	     -1590.3616	      2329.7050	     -18.452375	     -756.83269	      24.445179	     0.00000000	     0.10550014
612       	     0.98553700	     -1493.2911	      2187.4997	     -67.272057	     -660.11217	      19.427985	     0.00000000	     0.13075506
613       	     0.98713700	     -1417.7481	      2072.5432	     -105.79802	     -580.60577	      16.771031	     0.00000000	     0.13946830
614       	     0.98873700	     -1365.6186	      1989.0821	     -135.32763	     -519.44659	      16.252443	     0.00000000	     0.13597123
615       	     0.99033700	     -1335.1662	      1935.2674	     -156.32614	     -476.14606	      17.803936	     0.00000000	     0.12270879
616       	     0.99193700	     -1323.6883	      1907.2449	     -168.37563	     -450.15458	      21.548729	     0.00000000	     0.10078558
617       	     0.99353700	     -1327.7973	      1899.5942	     -170.08782	     -441.15199	      27.826646	     0.00000000	    0.070295992
618       	     0.99523700	     -1343.2753	      1903.7684	     -157.73904	     -449.55704	      37.930793	     0.00000000	    0.027686315
619       	     0.99683700	     -1357.3787	      1901.1367	     -128.77012	     -471.90870	      51.552520	     0.00000000	   -0.023460494
620       	     0.99843700	     -1349.2973	      1857.1959	     -78.223312	     -500.59458	      70.106405	     0.00000000	   -0.086695425
621       	      1.0000000	     -1281.0359	      1714.0071	     -4.9117069	     -516.73938	      93.365930	     0.00000000	    -0.15968673
